0.3060436167255976
0.003424639523028114
0.5941034909573931
0.4319382611329797
0.5498582191221114
0.4575712229806721
0.5334571412267174
0.469892815958974
0.525178713212578
0.47673462662114513
0.5201784178791429
0.481058173442248
0.5168325620845692
0.48403186656236036
0.5144373254315915
0.48620075730189005
0.5126382788488655
0.48785196795999036
0.5112376085817901
0.4891507966533902
0.5101162535667461
0.49019903193000103
0.5091982779873051
0.49106274446841136
0.5084329740265703
0.4917866752400595
0.5077851918386168
0.4924021932083492
0.5072297995122286
0.4929319403600687
0.5067483523779363
0.49339266745782934
0.5063270080132017
0.493797032109894
0.5059551753945066
0.4941547764796819
0.5056246133821473
0.4944735206560631
0.5053288133524695
0.49475931041244425
0.5050625667207546
0.49501700368140267
0.5048216558343811
0.4952505485406711
0.5046026290461438
0.4954631866428444
0.5044026343860123
0.4956576044136798
0.504219294763817
0.4958360470192191
0.5040506130890651
0.4960004053736641
0.5038948992628834
0.4961522833446073
0.5037507133778434
0.49629305022066905
0.5036168210779209
0.49642388207852484
0.5034921581462074
0.4965457946955039
0.5033758021692702
0.4966596699570338
0.5032669496815235
0.4967662772108326
0.5031648975919013
0.4968662906610527
0.5030690279851084
0.49696030363333493
0.5029787956032544
0.49704884034830354
0.5028937174720999
0.4971323656968131
0.50281336425526
0.49721129340167763
0.5027373530095898
0.49728599286829106
0.5026653410838344
0.4973567949633946
0.5025970209554831
0.4974239969126691
0.502532115841658
0.49748786647003407
0.502470375952033
0.497548645481905
0.5024115752767889
0.49760655294644596
0.5023555088225713
0.4976617876493557
0.5023019902251792
0.49771453044302383
0.5022508496804493
0.49776494622410433
0.5022019321449182
0.4978131856550722
0.5021550957660676
0.49785938666759233
0.5021102105087641
0.4979036757793142
0.5020671569497815
0.4979461692505306
0.5020258252169655
0.49798697410298953
0.5019861140531331
0.49802618901965995
0.5019479299879757
0.4980639051413231
0.5019111866036469
0.49810020677359634
0.5018758038819563
0.49813517201586144
0.5018417076227342
0.4981688733220271
0.5018088289245164
0.4982013780015624
0.5017771037198601
0.49823274866810524
0.5017464723587227
0.4982630436419391
0.5017168792342057
0.49829231731174606
0.5016882724457091
0.49832062046044623
0.5016606034951938
0.4983480005590916
0.5016338270128695
0.49837450203253525
0.501607900508953
0.49840016649990254
0.5015827841487364
0.4984250329926317
0.5015584405483822
0.49844913815251796
0.5015348345892957
0.49847251641182355
0.5015119332491103
0.4984952001573415
0.5014897054475871
0.4985172198800747
0.50146812190591
0.4985386043119257
0.5014471550180284
0.4985593805507632
0.5014267787328897
0.4985795741749541
0.5014069684464728
0.4985992093483866
0.5013877009026783
0.4986183089169193
0.5013689541023004
0.4986368944970316
0.5013507072192162
0.49865498655741536
0.5013329405232404
0.4986726044941663
0.5013156353089708
0.49868976670012427
0.5012987738301053
0.49870649062890826
0.5012823392387465
0.49872279285411775
0.5012663155292719
0.4987386891241038
0.5012506874863338
0.4987541944126934
0.5012354406366895
0.498769322966238
0.5012205612045031
0.4987840883472486
0.5012060360698379
0.4987985034749502
0.5011918527300727
0.4988125806629666
0.5011779992640327
0.49882633165440377
0.5011644642985605
0.4988397676544981
0.5011512369773933
0.49885289936107563
0.5011383069321274
0.4988657369929491
0.5011256642551118
0.49887829031642245
0.5011132994741496
0.4988905686700813
0.5011012035288132
0.4989025809879309
0.501089367748328
0.4989143358210936
0.5010777838308478
0.49892584135808676
0.5010664438240298
0.4989371054438512
0.5010553401068351
0.4989481355975749
0.5010444653724633
0.4989589390294386
0.5010338126123128
0.49896952265631506
0.5010233751009256
0.4989798931165399
0.5010131463818271
0.49899005678379654
0.5010031202542204
0.4990000197801649
0.5009932907604485
0.49900978798842544
0.5009836521741919
0.49901936706362665
0.5009741989893506
0.49902876244400834
0.5009649259095568
0.49903797936129485
0.500955827838286
0.49904702285039526
0.5009468998695182
0.4990558977585804
0.5009381372789168
0.4990646087541368
0.5009295355154976
0.4990731603345696
0.5009210901937475
0.4990815568343107
0.5009127970861779
0.4990898024320687
0.5009046521162623
0.49909790115775565
0.5008966513517669
0.49910585689904374
0.5008887909984103
0.4991136734075903
0.5008810673938731
0.4991213543049367
0.5008734770021196
0.49912890308809843
0.5008660164079833
0.4991363231348646
0.5008586823120574
0.4991436177088532
0.500851471525834
0.4991507899642819
0.5008443809670674
0.49915784295051147
0.5008374076554043
0.49916477961637645
0.5008305487081969
0.49917160281429274
0.5008238013365314
0.4991783153041531
0.50081716284145
0.49918491975706863
0.5008106306103545
0.49919141875889395
0.5008042021135825
0.4991978148136115
0.5007978749011339
0.49920411034654294
0.5007916465995655
0.49921030770740754
0.5007855149090255
0.499216409173261
0.500779477600416
0.4992224169512657
0.5007735325127007
0.4992283331813614
0.5007676775503211
0.49923415993880504
0.5007619106807406
0.4992398992365943
0.5007562299320852
0.4992455530277819
0.5007506333909068
0.4992511232076997
0.5007451192000304
0.4992566116160613
0.500739685556494
0.49926202003900294
0.500734330709598
0.4992673502110079
0.5007290529590182
0.49927260381676836
0.500723850653001
0.49927778249294824
0.500718722186653
0.49928288782990243
0.5007136660002832
0.4992879213732802
0.5007086805778242
0.49929288462559923
0.5007037644453176
0.49929777904773465
0.5006989161694705
0.4993026060603568
0.5006941343562404
0.4993073670453012
0.5006894176495278
0.4993120633468811
0.5006847647298743
0.4993166962731658
0.5006801743132456
0.49932126709717817
0.5006756451498425
0.49932577705807774
0.5006711760229701
0.4993302273622618
0.5006667657479491
0.49933461918444944
0.5006624131710742
0.4993389536687256
0.5006581171685982
0.49934323192951047
0.5006538766457758
0.4993474550525284
0.500649690535925
0.4993516240957252
0.500645557799546
0.4993557400901538
0.5006414774234477
0.49935980404081004
0.5006374484199266
0.49936381692746623
0.5006334698259732
0.49936777970544705
0.5006295407024972
0.4993716933063941
0.5006256601335972
0.49937555863899113
0.5006218272258466
0.49937937658966247
0.5006180411076064
0.499383148023269
0.5006143009283678
0.4993868737837341
0.5006106058581112
0.4993905546946932
0.5006069550867017
0.4993941915600903
0.5006033478232897
0.49939778516476613
0.5005997832957416
0.4994013362750231
0.5005962607500924
0.49940484563916626
0.5005927794500087
0.49940831398802826
0.5005893386762844
0.49941174203548255
0.5005859377263363
0.4994151304789283
0.5005825759137377
0.4994184799997551
0.5005792525677429
0.49942179126381847
0.5005759670328549
0.49942506492186506
0.5005727186683914
0.49942830160995894
0.5005695068480589
0.4994315019498984
0.5005663309595643
0.49943466654961655
0.500563190404214
0.49943779600356064
0.5005600845965514
0.49944089089306026
0.5005570129639845
0.49944395178669765
0.500553974946427
0.4994469792406438
0.5005509699959875
0.4994499737990079
0.5005479975765947
0.49945293599414764
0.5005450571637281
0.49945586634699907
0.500542148244069
0.4994587653673684
0.5005392703152276
0.49946163355424505
0.5005364228854484
0.4994644713960612
0.5005336054733223
0.49946727937099644
0.5005308176075257
0.4994700579472289
0.5005280588265446
0.4994728075831972
0.5005253286784446
0.4994755287278594
0.5005226267205938
0.4994782218209326
0.5005199525194495
0.49948088729312085
0.5005173056503137
0.499483525566371
0.5005146856971096
0.4994861370540543
0.5005120922521614
0.49948872216122303
0.5005095249159995
0.4994912812847923
