9.962719796664278e-6
0.4719080058359377
-0.3159690150738713
0.18598008858446985
-0.1516956831823619
0.11783177227886203
-0.1015168955852058
0.08589776443527644
-0.07654435625420111
0.06754724520853368
-0.06149888007360779
0.05564872779163084
-0.05141993174661966
0.047311414802423644
-0.04418943834476358
0.041145595668302434
-0.038746552912863386
0.03640102020761383
-0.034500019498238436
0.03263722601854162
-0.03109383772193868
0.02957866257197336
-0.028300692104175455
0.027044137897405156
-0.025968562306860163
0.024909622494443534
-0.023991902287823354
0.02308735912644121
-0.022295126996812065
0.02151350840532558
-0.020822677981919457
0.020140521186209643
-0.019532798505873722
0.018932254621502068
-0.01839349595115889
0.01786074573960732
-0.017379844006383836
0.01690402145401228
-0.016472132907325725
0.016044576349219554
-0.015654572070999795
0.015268292192761001
-0.014914361719837803
0.014563656534959219
-0.014241016557555492
0.013921188073319041
-0.0136258650906496
0.013333007650744523
-0.013061673568984727
0.012792513574186738
-0.012542359789608432
0.012294132812270653
-0.012062772664367068
0.011833128159513992
-0.011618520567270856
0.011405447210923889
-0.011205836313258569
0.011007602940003379
-0.010821469959465495
0.010636578424897594
-0.010462602961285353
0.010289750211786857
-0.010126778878677193
0.009964826196537565
-0.00981184702545678
0.009659794914118395
-0.009515916325763367
0.009372883864245382
-0.009237317283576945
0.009102525049008416
-0.00897457044821269
0.008847326307120873
-0.008726360116951121
0.008606047338440297
-0.008491512287295996
0.008377579547185137
-0.00826897607854846
0.0081609290125519
-0.008057808002066074
0.007955202035037221
-0.007857158583173112
0.0077595928150188224
-0.007666260934528969
0.007573372905496999
-0.00748442095668958
0.007395882147939084
-0.007311008901791168
0.007226520853440068
-0.007145452084042646
0.007064743034150986
-0.0069872285592784125
0.0069100505238996164
-0.006835861626476756
0.006761987854746678
-0.0066909150291103465
0.006620137778335099
-0.006551988754668876
0.00648411733942354
-0.006418715347033058
0.006353574423719598
-0.006290756660140205
0.00622818471447922
-0.006167800992542779
0.006107649002552609
-0.006049560551709859
0.005991690802825498
-0.00593576920456946
0.005880054237159715
-0.005826180477432076
0.0057725021496935845
-0.005720565773440135
0.005668814425226418
-0.005618712780627899
0.005568786485701796
-0.0055204240470272834
0.005472227943096042
-0.005425515702907424
0.005378961390061924
-0.005333816312556345
0.005288821312229468
-0.005245165840714502
0.005201653107996934
-0.0051594147202771706
0.005117312203765394
-0.005076423010196533
0.005035663253859122
-0.004996059633240814
0.0049565794158024845
-0.004918201685127303
0.004879941692912887
-0.004842733807276768
0.00480563833688305
-0.004769547616453751
0.0047335643041952775
-0.004698541185374103
0.004663620760689518
-0.004629618569058097
0.004595714629422785
-0.004562689372255847
0.004529758177511174
-0.004497668353886109
0.0044656686379960925
-0.0044344750648452865
0.004403367863385348
-0.0043730335159253555
0.004342782007846099
-0.0043132718729498596
0.004283841235181632
-0.0042551221766384375
0.004226479450378715
-0.004198520084755646
0.004170634052393549
-0.004143404634660995
0.004116245706262957
-0.004089718024265883
0.004063258132861799
-0.0040374054098274185
0.004011617914693145
-0.003986414719074525
0.003961274316251538
-0.0039366964783272
0.003912179117825753
-0.003888203652380102
0.0038642864614530123
-0.0038408914960911394
0.0038175527080670252
-0.0037947174166882273
0.003771936304921602
-0.0037496408458824433
0.0037273976623590738
-0.0037056231209884366
0.0036838990392426252
-0.0036626273743357108
0.0036414044363208393
-0.00362061843029169
0.003599879496874363
-0.0035795627092788623
0.003559291414081071
-0.003539428138279524
0.0035196088446204513
-0.0035001840672684117
0.0034808018279352216
-0.0034618011911645217
0.0034428417108369547
-0.003424251476857237
0.003405701076943268
-0.0033875080949211447
0.003369353680668667
-0.0033515453557307015
0.0033337743853832738
-0.0033163386495324437
0.0032989391054531626
-0.0032818643902942936
0.0032648247518838177
-0.00324809996305714
0.0032314091812962
-0.0032150236744182014
0.0031986711479969924
-0.003182614706101359
0.0031665902589667508
-0.003150853071241466
0.0031351469314945743
-0.0031197195733039733
0.003104322353310153
-0.003089195767398739
0.0030740984451106596
-0.003059263923847776
0.0030444578251558577
-0.003029906993836039
0.0030153837759855804
-0.0030011085770697337
0.002986860212954397
-0.0029728528912087012
0.0029588716546017093
-0.002945124743023147
0.002931403194601938
-0.0029179095011828927
0.0029044404753548266
-0.0028911930705149158
0.0028779696628971857
-0.0028649618676405172
0.0028519774233256843
-0.0028392027979864264
0.0028264509003279284
-0.0028139032339781897
0.002801377694038738
-0.0027890509944120336
0.002776745840952555
-0.0027646343248905773
0.002752543794884872
-0.002740641879309438
0.002728760408933248
-0.002717062702272374
0.0027053849183801574
-0.0026938862124123793
0.002682406924449615
-0.00267110218656808
0.002659816378850447
-0.0026487007447684916
0.0026376035692080523
-0.002626672335921086
0.002615759105070761
-0.002605007724263383
0.0025942739047174193
-0.002583697976448556
0.0025731391825679364
-0.0025627344492724384
0.002552346437217899
-0.002542108777973495
0.0025318874400194298
-0.0025218128651309027
0.002511754224246743
-0.0025018388700590497
0.0024919390747504423
-0.002482179198707285
0.002472434518104392
-0.002462826494039347
0.0024532333132219874
-0.0024437736268760244
0.0024343284423833413
-0.0024250136871096493
0.0024157131026960495
-0.002406539975379368
0.0023973806979342696
-0.002388345995083762
0.0023793248307488577
-0.0023704254447824914
0.0023615392952370026
-0.002352772210897026
0.0023440180698228014
-0.002335380360794071
0.0023267553104651625
-0.0023182441361098713
0.0023097453441757072
-0.0023013579464149737
0.0022929826627863244
-0.00228471636312793
0.0022764619170207653
-0.00226831411372022
0.002260177910807846
-0.0022521460761161867
0.002244125595822006
-0.002236207273388754
0.0022283000662710445
-0.0022204928686507096
0.002212696553922224
-0.002204998160146522
0.002197310423296051
-0.0021897185765951573
0.002182137167071033
-0.0021746496726729437
0.0021671724017052643
-0.002159787124707391
0.00215241186319308
-0.0021451267265468698
0.002137851403052776
-0.002130664385606391
0.0021234869843882904
-0.0021163961190342005
0.0021093146782313207
-0.0021023180500902004
0.0020953306598837404
-0.0020884264046063437
0.0020815312055440568
-0.0020747175076284256
0.0020679126889639183
-0.0020611877801964777
0.0020544715782836722
-0.0020478337361873942
0.0020412044329876154
-0.0020346519793604046
0.0020281079009757124
-0.0020216392004681278
0.002015178715717739
-0.002008792174493307
0.0020024136935522722
-0.0019961077579613955
0.001989809731092653
-0.0019835828864172306
0.001977363802685988
-0.0019712145719327284
0.0019650729580090354
-0.001958999900742529
0.0019529343197324455
-0.0019469360309419465
0.0019409450812863836
-0.0019350201903145213
0.0019291025046899956
-0.001923249674179133
0.0019174039184592527
-0.0019116218433566708
0.0019058467156374845
-0.0019001341222079223
0.0018944283517992656
-0.0018887839967229782
0.0018831463432528873
-0.0018775690126855028
0.001871998265185931
-0.0018664867739244615
0.0018609817499633421
-0.001855534940580499
0.0018500944854366226
-0.0018447112274796165
0.001839334213329442
-0.0018340134025493675
0.0018286987276824513
-0.0018234392852635331
0.001818185873344109
-0.0018129867451838512
0.001807793544521531
-0.0018026537005278928
0.0017975196833600114
-0.0017924381167641128
0.0017873622785959892
-0.0017823380053220155
0.0017773193642693292
-0.0017723514222518595
0.0017673890184108562
-0.0017624764670200713
0.0017575693618450436
-0.001752711281285728
0.0017478585570012326
-0.001743054047728755
0.0017382548067749171
-0.0017335029889554371
0.0017287563534045386
-0.0017240563663591174
0.0017193614774174454
-0.0017147124791339443
0.0017100684965784326
-0.0017054696631651693
0.0017008757648948375
-0.0016963262901411706
0.0016917816716523902
-0.0016872807665193224
0.001682784640457208
-0.0016783315326421237
0.0016738831283374458
-0.0016694770618410485
0.0016650756248716564
-0.0016607158595460883
0.0016563606513147855
-0.0016520464624684085
0.0016477367597846537
-0.0016434674377686835
0.001639202532460975
-0.0016349773822922978
0.0016307565808021873
-0.0016265749217821645
0.0016223975448021717
-0.0016182587101422196
0.0016141240922564715
-0.0016100274287480908
0.0016059349180483921
-0.0016018797856947942
0.001597828743481249
-0.0015938145151729367
0.001589804315600592
-0.0015858303767961638
0.0015818604065428493
