0.3963600715774331
0.8661241296473576
1.413400129085513
1.9178949552577538
2.314961671565856
2.4992307243803102
2.523794328644475
2.5116131938002235
2.504990443204372
2.504330519142243
2.506684888737097
2.5109791981977616
2.5169629105308036
2.52449862714341
2.533192359603826
2.5421700528727067
2.550091027755419
2.5555504490145515
2.5577815076716406
2.557201036755164
2.5553465636495507
2.554260466937994
2.555777831821211
2.561015140509396
2.569991559289137
2.581299713108691
2.592168428565394
2.5995496777598657
2.6020905683049738
2.6014064393845526
2.6012477603206943
2.6052218327213583
2.614686977356626
2.6276665668203596
2.6394704961206985
2.6457901282928766
2.646590575402948
2.646613396477052
2.651430956778161
2.662719539764665
2.6763599829082723
2.6853219035624103
2.686378917144743
2.683817778124831
2.684909650942002
2.6922605356003193
2.7009910500443786
2.7035678371154424
2.698226097767234
2.6911612381045686
2.6895762052172754
2.6943395051466053
2.6994965717837625
2.698636370451852
2.691985607866289
2.6860162600309403
2.6862762238164093
2.691876138076308
2.6965081881060713
2.694941224220011
2.688685993251322
2.6841611516428765
2.685764838772745
2.691586215921013
2.6953780969132968
2.6930282944785584
2.6870224870196777
2.6835836449415518
2.6860949446602356
2.6918548689477166
2.6948105774647413
2.691871419845341
2.6862553146415142
2.683860474453297
2.687115307923288
2.692668542038337
2.694764495584001
2.6913017766630585
2.6860969651595874
2.6846369403616075
2.688417681109661
2.6935451329672206
2.6946813210103606
2.690719215486869
2.6859480407802363
2.685331569238323
2.6894409815759794
2.6939643330129788
2.6941107432592015
2.6897383022638377
2.685446261303037
2.685573313867648
2.6898261405201986
2.6936444923466825
2.6928896399135382
2.688285255434397
2.6845560894138014
2.685365460719569
2.68967986507066
2.6928604143990813
2.6914467369299984
2.6868642739863815
2.683805403585154
2.6852722553985195
2.6896318220291033
2.692284925498526
2.69042069884877
2.6860218912446325
2.6836565094010294
2.6857031613915825
2.6900323345261805
2.6921587636306703
2.6899010242296
2.685709893203522
2.683968447857181
2.686445733440916
2.690582290627408
2.692077669803878
2.6893874622807763
2.685362660306174
2.684135616703344
2.6868705594264566
2.6906565490119285
2.6914632578584956
2.6883761705408515
2.6845497543191787
2.6837974978702244
2.6867150843939838
2.6901440150746514
2.6903825667960404
2.6870784120265174
2.6835691113898887
2.6833132422099744
2.6864110555775667
2.6895526225555244
2.689378113893307
2.6860071063341175
2.6828698065898107
2.683073148994705
2.6862987322536296
2.689155446706065
2.6886234697086544
2.685225858209921
2.6824298014957932
2.6830030038505823
2.6862683928999584
2.6888066985739303
2.687936489345617
2.6845305674207056
2.682048406698523
2.682928313733071
2.6861846405823604
2.688412320562193
2.6872586058637498
2.6838915983681684
2.681723711093649
2.682876682311795
2.6861014512278625
2.6880386856550493
2.686648277839725
2.6833457847321602
2.681469399043996
2.6828422489826647
2.685993664554787
2.6876369259057387
2.686029674310661
2.6827942232475905
2.681173656513657
2.682711799727713
2.68575589335353
2.687113576672022
2.6853193204928902
2.6821593527937675
2.6807639807324226
2.682422069601455
2.685339724285245
2.6864352187504954
2.6844913411686737
2.6814147902653755
2.6802130635269887
2.6819530593894316
2.684742300100827
2.685618133179879
2.6835738136472056
2.680592525460709
2.6795564597800174
2.6813498035761834
2.684021771004573
2.6847281543496098
2.6826293796200322
2.679745847197109
2.6788409847976515
2.6806596817585064
2.6832295017707932
2.683817568209637
2.6817069060030856
2.6789211757290032
2.6781165351932934
2.6799407007548197
2.6824294696112627
2.6829483931593217
2.680859897402764
2.6781632399212887
2.6774221027806724
2.67922623225629
2.6816445449602218
2.682127668302643
2.680080035878369
2.677454884006286
2.676738541353136
2.6784975929174455
2.6808549550155605
2.6813331097147444
2.679344394702958
2.6767762625508835
2.676050732609035
2.677742054157529
2.680045794455655
2.680544611592046
2.678628210158915
2.6761001213710123
2.6753295572028466
2.6769271769561653
2.6791802108834077
2.679722782913117
2.677893861438279
2.6753939839455767
2.6745480019875045
2.676029943129877
2.6782387714993594
2.6788538550104373
2.6771360821780554
2.6746614854262676
2.673715538093937
2.6750612036691193
2.6772311101794046
2.677947373845335
2.6763675234854345
2.673919597464982
2.672850609687645
2.6740359316929774
2.6761660048525586
2.6770084908490905
2.675595747614593
2.6731820658538785
2.6719710782527577
2.6729702277243788
2.675053670505903
2.676043561678132
2.6748299157796964
2.6724653342660227
2.671098007690222
2.671881789471872
2.6739018333399245
2.6750512509484965
2.6740674500536676
2.6717724055911427
2.6702388530236414
2.6707744837690677
2.6727033988119815
2.674014427121501
2.6732906372431717
2.671094214143216
2.6693934184153485
2.6696483719526776
2.6714494131806976
2.6729142927533647
2.672480234085239
2.6704219841793497
2.668565199790299
2.6685104041312786
2.6701389572947063
2.671738827174063
2.671622022902628
2.669752365214319
2.6677661278818907
2.6673792894541393
2.6687834803300126
2.6704849360374046
2.6707052232756885
2.6690819210836185
2.667008390238418
2.666276192240893
2.6673972224225158
2.6691485596369278
2.6697119057945757
2.6683962826340433
2.6662950591932497
2.665218942261712
2.6659962011546345
2.667727918414239
2.6686223988536755
2.667675655289825
2.66562534605356
2.6642280121124737
2.664605582971255
2.6662314275325962
2.667421286311051
2.6668965465097263
2.6649920705237284
2.6633220413621728
2.6632558366926724
2.664675536742827
2.6660956889789107
2.6660280911861096
2.6643753577839586
2.662511066546914
2.661978623332367
2.6630850101631203
2.664638700792814
2.665034882046974
2.663742055585498
2.661793468424962
2.660804676183617
2.6614946137463407
2.6630548317757703
2.663882490493359
2.663047262128309
2.6611534916272257
2.6597612679106035
2.6599509724900647
2.6613678264747
2.6625478410130348
2.662241119839171
2.660561733380622
2.6588693791150644
2.6585117325649668
2.6596251549152647
2.6610268999115134
2.6612724699959336
2.6599693477610393
2.6581304165123587
2.6572318974459086
2.6578908788172417
2.6593356812081392
2.6600916532633043
2.6593041370872554
2.6575142626573998
2.656150619566243
2.656240331242282
2.657517802156346
2.6586660530987127
2.658481913648241
2.6569591407358715
2.655283437800524
2.6547550326045286
2.6556511333987585
2.656998057657691
2.6574232114662832
2.6563740651939605
2.654609980717257
2.6535066025939744
2.653841782210985
2.6551358020874694
2.656071637857673
2.655646593460722
2.6540627193267885
2.652534602483814
2.652207835791718
2.6531770111536983
2.65441590273559
2.6546626090300323
2.653525561772482
2.6518244037589294
2.6508534127382273
2.6512605099011375
2.6525083229332456
2.653336222895699
2.6528470126605446
2.651291362584097
2.6498359694197293
2.6495422832768285
2.6504719591256785
2.6516451906282885
2.651872728143507
2.6507818081617422
2.649135449409238
2.6481572796550554
2.648487857044903
2.649659722514068
2.6504936596954383
2.6500980178329785
2.6486354500758087
2.6471719385497856
2.646756437203531
2.6475486594986135
2.6486971023553028
2.649049923770408
2.6481303273741683
2.646540896593248
2.645436386732651
2.6455502677372946
2.646599905660371
2.64752529238908
2.6473698439061897
2.6460879464612677
2.6445756691567417
2.6439050373199544
2.6444412333792955
2.6455556482915776
2.6461421813088353
2.645533914922308
2.6440615638297653
2.6427645223819343
2.642521705460466
2.6433438927737027
2.6443735554277557
2.6445825509675607
2.643621331570193
2.6421059574583428
2.6410948308514914
2.641222139682241
2.642198486563466
2.643048042005658
2.642897915300469
2.641695186191337
2.640243395500034
2.639533666806205
2.6399495523602394
2.6409726799656714
2.641597486329708
2.6411404861724965
2.6397969985366636
2.6384721641110356
2.638041408264077
2.6386615225424905
2.639656422820812
2.640051576156356
2.6393538447874723
2.6379482752839785
2.6367765204525493
2.6365810094804383
2.63733126660815
2.6382548205095273
2.638442220884507
2.6375698772523766
2.6361557986926294
2.635135321836963
2.635122859584853
2.635945343763889
2.6367810974288517
2.6367979144473215
2.6358092252830847
2.6344172703097497
2.633527698691279
2.6336458953588857
2.634499598218282
2.6352508405121626
2.635141012561782
2.6340835639391282
2.6327262167526557
2.631936369758944
2.632136867442026
2.6329952725003953
2.633678283503671
2.633487231579525
2.6323985094376967
2.631075693550113
2.630349214976383
2.6305888256663104
2.6314358624663075
2.6320741360001567
2.6318460918676667
2.6307560435550514
2.629460550932061
2.62875966406832
2.6289995441121485
2.6298249587671636
2.630444528847549
2.6302216132100216
2.629156139748515
2.627878592995083
2.627166613281367
2.6273704863489185
2.628165206913777
2.6287907553849394
2.628612853922248
2.627597467674199
2.626330851393367
2.6255742107185114
2.6257064986180585
2.626458298635358
2.6271095450759168
2.6270140731532043
2.626077128546268
2.6248210482378105
2.62399157552932
2.624016211188349
2.624705923598668
2.625393840389622
2.625414565932317
2.624589474106489
2.6233541967996405
2.622432275917076
2.62231295674653
2.6229116446178575
2.6236342825827648
2.623798502922719
2.6231242092469973
2.6219342284886613
2.6209131941585664
2.620615829856785
2.6210836249796663
2.6218217771881625
2.6221453877598293
2.621664200793215
2.620560556187519
2.61945221004464
2.6189501979290886
2.619237870627731
2.619951452097253
2.620431948834321
2.6201837488565345
2.619223705899245
2.6180640746464987
2.6173466343214358
2.617401190049357
2.6180280162479685
2.6186363857781307
2.6186485858469273
2.617900742989763
2.616754138508879
2.6158370425286877
2.615612456493252
2.6160718334125335
2.616745622907789
2.6170193222098734
2.616552148841929
2.615510387743327
2.6144468840664987
2.613920113644795
2.614123868980853
2.6147652474263223
2.6152600351916417
2.6151228710403553
2.614295693819868
2.613183322157105
2.6123736459095914
2.6122463050782687
2.612729958920069
2.6133526137495973
2.613550909974845
2.6130442055209238
2.612021170609783
2.6110076312147514
2.610514718068385
2.61070985545271
2.611314756129449
2.611785919114518
2.611667626813699
2.6108918539473307
2.609819771690066
2.6089983936876946
2.6088057309077297
2.6092152353097338
2.609816597560372
2.610076961901469
2.609684237749604
2.6087493436874913
2.607728971160724
2.6071266634062904
2.607175712809999
2.6076987460239516
2.608220678490911
2.6082675426436666
2.607668860191916
2.6066650324602976
2.6057478718597182
2.605347261788077
2.6055678936477777
2.606129676002003
2.606541248627382
2.6064056654078667
2.605670460917875
2.604657658100473
2.603855906350793
2.603616938270709
2.603945747239958
2.6045014024663584
2.6048045548533594
2.6045321688758873
2.603717941265809
2.6027274000942158
2.602027364892835
2.601902667781438
2.602290398025738
2.6028204015527723
2.6030371171890065
2.6026760496269836
2.6018250609178217
2.6008662730688275
2.600240024330806
2.6001832781495438
2.60059486849144
2.6010972949138766
2.601259518147439
2.6008547970156166
2.59999650455207
2.5990654684357084
2.5984790668888813
2.598447933626352
2.598858590904196
2.599341120210039
2.5994840201183957
2.5990765033538863
2.5982326299050214
2.5973194830349957
2.596738211855648
2.5966940319243204
2.5970837596570813
2.597556530426335
2.5977141790205565
2.5973417170909925
2.5965320006520702
2.5956276633655166
2.5950195862236454
2.5949259033939778
2.595273981096106
2.5957432927575987
2.5959452761737305
2.5956441401600183
2.594891587035197
2.5939937190959172
2.59333306003256
2.5931547358047458
2.5934351666884043
2.5938977302948323
2.5941652631415555
2.5939701487503255
2.593304828846873
2.5924233478150147
2.5916949263252644
2.5913993716221992
2.5915783513256634
2.5920161522132656
2.5923567428686107
2.592297875783537
2.591758020051453
2.5909197759892684
2.5901250790424313
2.5896868812343627
2.589723715047214
2.5901004517545863
2.590501125485524
2.590597392431906
2.5902260660104433
2.5894771275283666
2.58864142115786
2.58805104028828
2.5879042612901313
2.588165536445567
2.588586196736786
2.58883429659739
2.5886697900484816
2.588072462286302
2.5872505026686192
2.586526267856369
2.5861663478990433
2.58624678694271
2.58661738491186
2.5869792321006293
2.587038423039575
2.5866593475746753
2.5859349566425616
2.5851349167861373
2.584563098779494
2.5844033848981605
2.5846304297075506
2.5850244472563477
2.5852816927591653
2.5851686166983012
2.58464172211433
2.5838681962113315
2.58313694487656
2.58271106365006
2.5826989907991598
2.5830042501517787
2.583374005377254
2.583523819634104
2.583279923688738
2.582666511039404
2.5818911635522332
2.581237911037641
2.5809267028474823
2.5810091481333095
2.5813462901484816
2.5816761512969877
2.581740767357728
2.581413066419905
2.580759071804747
2.5800026453869274
2.579413344181862
2.579176797937522
2.579309283568061
2.579652259657794
2.579947572062703
2.5799603533099305
2.5795923907733194
2.57892888908839
2.5781945834988282
2.5776438932974144
2.5774416048525803
2.577588983081147
2.5779251472393825
2.5782017347267785
2.578198794685945
2.577828823266135
2.5771774449978344
2.5764602856559593
2.575919782687334
2.5757138907170356
2.5758467692482747
2.5761687942291314
2.576444558559346
2.5764603433837308
2.5761230481731494
2.575502748984443
2.5747978219607197
2.5742416578552176
2.5739973786956205
2.57408746584673
2.5743857885043133
2.574673833138554
2.5747381278433963
2.5744667951261277
2.573899981681258
2.5732095807922364
2.5726194987557593
2.572306004766165
2.5723226570912576
2.5725792436598365
2.572881479726271
2.5730154925922455
2.572842129204336
2.5723586554364806
2.571698442888039
2.5710696583244235
2.5706634945607214
2.5705734586201006
2.5707579306070962
2.571058879816462
2.5712689212347994
2.571220235116196
2.570857392317523
2.570260603970168
2.569608796191794
2.5691011724245603
2.5688735141409755
2.568943683695871
2.5692059066722908
2.569474857594099
2.5695627870183673
2.569358801499566
2.5688757416639008
2.568243201743668
2.5676507753977074
2.567268437605758
2.5671782342049085
2.567343060252603
2.5676226323023763
2.567830284624718
2.567809291734434
2.567497773849302
2.5669537550035755
2.5663292959622317
2.56580643158928
2.565523665521197
2.5655225195901057
2.5657328564439457
2.5660010647240608
2.566150828877012
2.566053828228838
2.5656816517490992
2.5651163842630416
2.5645156075479867
2.564048226284336
2.5638285960164002
2.563873966425541
2.5640992691536395
2.564350158154145
2.5644626802075616
2.56432758527397
2.5639334168003396
2.5633699973265176
2.5627913072404693
2.5623545899072435
2.5621608323087695
2.562218332517201
2.562440850557426
2.562680204058326
2.5627821617761706
2.5626454797457705
2.5622608375479565
2.561713434192566
2.5611486207956013
2.5607158056429973
2.5605132750695327
2.5605535955086416
2.5607602533943212
2.5609958969094153
2.5611127811177883
2.5610078230055016
2.5606612839371437
2.5601433729103875
2.559586403045014
2.5591347040110897
2.558892325767912
2.558887069307684
2.5590618805832257
2.559295564528787
2.5594460572923032
2.559401821906661
2.5591226475798177
2.5586538510664414
2.558108355541335
2.557624535738091
2.557316747578869
2.5572362843422396
2.5573549316505586
2.557575405468988
2.557765140669048
2.5578027195025013
2.5576210141160742
2.5572309220931726
2.5567164671288287
2.55620367015665
2.5558158477925232
2.5556317964589166
2.555660369212994
2.555838491705165
2.5560526598785698
2.5561773650152486
2.5561181960900763
2.55584457107352
2.5553998353315173
2.5548850447095366
2.5544232078871967
2.5541176190444985
2.554018457171887
2.5541075098272112
2.554304797589937
2.5544948696606173
2.55456496770978
2.5544428674915136
2.554121172555888
2.5536590969770754
2.5531613658763295
2.5527425906644803
2.552489980617605
2.552436290875352
2.5525504455916317
2.5527478891500093
2.5529175679832976
2.552957705002066
2.5528090685744003
2.552474269801853
2.5520161423326795
2.5515361170574797
2.551140847321163
2.5509086637878777
2.5508661027184063
2.5509806611998553
2.551171235151357
2.551333248050132
2.5513713810232357
2.551229844269151
2.550910033538771
2.5504693849369056
2.5500021194836124
2.5496090597509533
2.5493667580789645
2.549305162821848
2.5493995519380612
2.5495783743287994
2.549744766661817
2.5498059121670584
2.54970160531437
2.549422817142444
2.5490139438196646
2.5485581642544064
2.548151321077398
2.547873141113083
2.547764409972008
2.547815987204118
2.547972012500186
2.548146248457192
2.5482473214964174
2.548205876198706
2.5479953785755276
2.5476397668757875
2.547205479139274
2.5467808548369066
2.546449929777302
2.546268645682235
2.546249807053064
2.5463601807907374
2.5465301085803556
2.5466731870922863
2.5467109580421825
2.5465956603472337
2.54632404587933
2.5459378088311517
2.5455106742600533
2.545126640704746
2.544856285644515
2.5447377932132516
2.544767285877854
2.544900395168369
2.5450644807522607
2.545178546361672
2.5451757722785215
2.5450223334005666
2.544726771609478
2.5443370025429486
2.5439261232199044
2.5435717210175017
2.543334900207926
2.5432445574834635
2.5432904460936254
2.5434262868411963
2.543582058341834
2.543682600203132
2.5436678893101745
2.5435094121447412
2.5432177681967723
2.5428392154218677
2.542442424673826
2.5420996860502862
2.541868020802707
2.5417750026476034
2.541812360256549
2.5419384759349555
2.5420890834380763
2.5421937635717278
2.5421942926955303
2.542060000911613
2.5417957429897178
2.5414401412027914
2.541054787470891
2.5407078075398126
2.5404564987042777
2.5403334263884374
2.540338980966925
2.54044171760023
2.5405862320165333
2.5407068660693084
2.5407441604402536
2.540659977693337
2.540447191926466
2.5401311814151666
2.5397627896783597
2.5394049796528617
2.5391170361827493
2.53894038962864
2.5388892160533265
2.5389475698662105
2.5390734166889213
2.539208672159808
2.5392931445384224
2.5392792155271877
2.5391435753716483
2.5388928345543094
2.5385614729709403
2.5382028376831123
2.5378758478636794
2.537630976096511
2.537498818803413
2.5374835596262075
2.5375624101822214
2.5376909809693253
2.5378134955169522
2.5378757565099743
2.537837949068021
2.537684107345983
2.5374257367490927
2.5370986514251688
2.5367540204746013
2.5364461456702476
2.5362200867158964
2.536101895121976
2.53609330533504
2.5361716999023467
2.536295226393241
2.536412077595439
2.536472104116666
2.536438238408523
2.5362949942098725
2.536051865264732
2.5357407665947114
2.5354083061630313
2.53510500649902
2.534874156558642
2.5347427260932025
2.534716026732744
2.5347769297559566
2.5348896517766693
2.535007393719822
2.535082407697397
2.5350764373600354
2.534969171913792
