0.3963600715774311
0.8661241296473625
1.413400129085519
1.9178949552577533
2.314961671565854
2.499230724380301
2.5237943286444717
2.511613193800216
2.5049904432043517
2.5043305191421656
2.506684888736904
2.5109791981972194
2.516962910529316
2.524498627139417
2.5331923595934813
2.542170052846603
2.550091027691611
2.5555504488624448
2.5577815073144423
2.5572010359191046
2.555346561683394
2.5542604622869867
2.555777820823415
2.5610151148194302
2.5699915008566347
2.5812995853581695
2.5921681617026766
2.599549141953156
2.6020895161941606
2.6014043801823887
2.601243714682689
2.6052139396623444
2.614672038371048
2.6276398007593142
2.6394256248796277
2.6457188818639845
2.6464800391288423
2.6464420043881574
2.6511685198833437
2.6623389388242162
2.6758599267310164
2.6847359165804208
2.6857436603782197
2.683135810878974
2.6841728321538247
2.691522349208734
2.7003922209131135
2.7032363299696356
2.6981423821590513
2.6911795279033557
2.689573872386667
2.6943069769315087
2.699492910921796
2.698670737308331
2.6919586537936664
2.6857897892514475
2.685783732295149
2.691175497699461
2.6957366932531746
2.6941818082158098
2.687872215616311
2.683148203057303
2.6844969908344916
2.690194644795139
2.6940899560078844
2.691926765171037
2.685930255723912
2.682238764293139
2.6844261799580176
2.690082955514288
2.6932463036510477
2.6905594405415014
2.6848815985936936
2.6820645234498808
2.6848643636319873
2.6903308915806834
2.6927600313162086
2.689621320593668
2.6842671293945948
2.682206250891899
2.685435693791322
2.69057062019517
2.6922335279199885
2.688675565856734
2.6836285802452857
2.682204134585024
2.6856910154836195
2.6903779607439855
2.6912796644668515
2.6873660244494997
2.682622018280055
2.681720883304335
2.6853280808425875
2.6895365071767916
2.689794044390967
2.6856775007437594
2.6812884403471293
2.6808602917122792
2.6845614276970498
2.688409636887813
2.6882653244095276
2.6841587582288056
2.680196750784158
2.680215002392574
2.6840087338135423
2.687591161326109
2.687179153802261
2.6831357342533404
2.679521967179434
2.679832204260958
2.6835791685848776
2.6868166290084616
2.686084874829697
2.6820081923768373
2.6785724982365338
2.6789761494817834
2.682534347585082
2.6853967910715224
2.6843928179143552
2.680310859512095
2.6770101536323345
2.6774466590418116
2.6808446490026903
2.6834966682070696
2.682439951630535
2.6784921344169965
2.6753413103625125
2.6757832106108626
2.679065643928054
2.6816523703529027
2.6806973080039875
2.6769334843021646
2.6738611601028697
2.674201511240313
2.6773245579637925
2.6798886499559615
2.6790952089564866
2.6755051045239884
2.6724138230751406
2.672531306594774
2.675431585023538
2.677996780039929
2.6774257438992755
2.6740256538324325
2.670853899142276
2.670652178962519
2.6732757460247507
2.675873869686323
2.6756109114057427
2.672459518061112
2.6691864994731715
2.668589011977107
2.6708786736743417
2.673533248836251
2.6736748961258505
2.6708662161752903
2.667509173193042
2.6664520029417424
2.6683280027192886
2.6710232624915364
2.671645409606712
2.6692898262562292
2.665898740020982
2.6643277981668683
2.6656757629836334
2.66833329578206
2.669467409805621
2.6676835782964337
2.664353942775121
2.662248041156456
2.662937257154654
2.6654204850971897
2.6670479468459347
2.665963360979206
2.662855967562497
2.6602603023259555
2.6601725092569497
2.66229308668348
2.6643253828463687
2.6640501362166114
2.6613861868141107
2.658434321557516
2.657492206345931
2.659017317556132
2.661266948962301
2.661844915849326
2.659878648421385
2.6568094267827487
2.6550208674842786
2.655706938258696
2.6578774341198645
2.6592328884030563
2.658201413105539
2.655360773108226
2.6528727642092513
2.652529656403342
2.6542375396315356
2.656127252985624
2.6561690404088685
2.6539716509586766
2.651110994828526
2.649689620496016
2.6505314001392564
2.6525277041206894
2.6535820356557656
2.6524153183385346
2.649685633777682
2.64737073415703
2.647042247725305
2.648582312476735
2.6503084189228936
2.650380137119087
2.64837645290053
2.645641838916384
2.644092593996327
2.6446189402132623
2.6463961359851447
2.647567938174143
2.646785021392714
2.6443464119839843
2.641914319479014
2.641097277651888
2.64216587190277
2.64386781710084
2.6444363291771817
2.643040542064568
2.6404701601250617
2.6384432601597636
2.6381966460698565
2.6395381011067376
2.641018683700018
2.641078898189766
2.6393119704073222
2.6367815685706493
2.635124044999783
2.6352524963793025
2.63668419897985
2.637925633336201
2.6376341518678315
2.6356867385530562
2.6332589041569863
2.631862658493483
2.632186489935553
2.633607153905681
2.634668532811703
2.634193099791074
2.6322000814863813
2.6298690504796625
2.628599877397606
2.6289679242086237
2.630329201084514
2.6313025044595393
2.630801047280846
2.628860952939076
2.626593037987052
2.6253170632543044
2.6255989226832077
2.626870867190491
2.627848011092877
2.6274644338177566
2.625666447190845
2.623435086591806
2.62203482622241
2.622107201786547
2.6232457095403006
2.6242913443816667
2.6241537859053192
2.622601646712021
2.620418457626461
2.6188097320340544
2.618549236175727
2.6194701529856843
2.6205937188068518
2.6208024830868775
2.6196259233842247
2.6175680319954346
2.6157264334935793
2.6150200925891407
2.615587271404056
2.616713296866343
2.6173093026736565
2.6166510537951564
2.6148772904628474
2.6128755960144385
2.6116585149071803
2.6116992566938704
2.6126467400734033
2.613560816450806
2.6135258988075134
2.6122622296485702
2.610305359603718
2.6086266438871477
2.6079912291696905
2.6084883421177243
2.6094920291142603
2.6100568258235324
2.6095227816255933
2.6079442469791356
2.606039715940735
2.6047107975473627
2.6044791841966397
2.6051861975750787
2.6060998115001337
2.606362736793772
2.605528324838811
2.603839700727101
2.6020593185848178
2.600982211410295
2.6009638040356164
2.6017276523437958
2.60253504576773
2.6026237384235693
2.60167103236029
2.599986642809679
2.5983069143197954
2.597343246274329
2.5973769554608817
2.5981149179567047
2.598861918829273
2.5989201076485955
2.5979992205743314
2.5963839142885456
2.594750307894371
2.5937643341240735
2.593714625712435
2.5943685430223145
2.595105878312952
2.5952622742742038
2.5945054830610093
2.593022385293564
2.5913990108592153
2.5902802068602613
2.5900219135860265
2.5905155331808083
2.5912532639410895
2.591598484667416
2.5911312083061966
2.589878479472332
2.5882897285451385
2.5869789921918165
2.5863975074766397
2.5866119856364693
2.5872812844895243
2.5878323442828837
2.587756306510306
2.5868773368860567
2.5854413825448694
2.583974052202403
2.5830005802056473
2.582786840120374
2.583220390928828
2.5838715488679505
2.584204782811255
2.583847257203368
2.582778247220305
2.58133248585485
2.580019852454662
2.5792704663369794
2.5792364825180796
2.579730798848046
2.58031839850131
2.5805219216309436
2.5800524681372874
2.5789498206920003
2.5775552602287926
2.576336858228596
2.5756672553530855
2.5756609886984356
2.5761319977040693
2.5766800310360254
2.5768717283158846
2.576441312560693
2.5754141738298784
2.5740882036909674
2.572886818099422
2.5721653502100983
2.572061677396051
2.5724454335936504
2.5729773281935073
2.5732554568245036
2.5729923198083835
2.572143197299309
2.57092149707163
2.569695490986733
2.5688236526721653
2.568507010435651
2.568714270059743
2.5691996450115573
2.569604089840881
2.5696044810313103
2.5690510570411806
2.5680295739760597
2.5668181671709274
2.5657638497184343
2.565140055572778
2.5650438813537817
2.5653649263895226
2.565830828594949
2.566113700473351
2.565960947672494
2.5652978285668278
2.564254987014815
2.5631090685937528
2.562167761318853
2.5616519127649333
2.561618422025362
2.5619447646622
2.562375997647272
2.5626193868892253
2.562455573186505
2.5618231993011302
2.5608399707548357
2.5597516322334952
2.558834662239061
2.558295403004416
2.55820147829869
2.558463254313966
2.5588671526771773
2.5591506057537527
2.5590960448794244
2.558610454160111
2.55775793113695
2.556731660646708
2.555779553352326
2.5551161850136395
2.554853135450436
2.554966840514817
2.555309375969023
2.555657758976325
2.5557884400006503
2.5555539739476325
2.5549338499258156
2.554038977849603
2.5530689805437325
2.552241642022068
2.5517221603557347
2.5515744000519476
2.551745046390613
2.552082071429928
2.5523822131344645
2.5524553014592395
2.552186031411965
2.551571257482692
2.550718448437159
2.549806876359943
2.5490280887536287
2.5485275319951968
2.5483643583005726
2.5484976525460135
2.548800148779478
2.549095608730314
2.5492110628193037
2.549029496737734
2.548525698555241
2.5477722482687453
2.5469139827070375
2.5461216355864846
2.5455415793598064
2.5452566285869693
2.545266418245278
2.545489776627192
2.5457875028716854
2.5460006434421407
2.5459952783679807
2.545701118912447
2.545131232042288
2.544376091514588
2.5435748020104776
2.54287439539645
2.5423904239604815
2.5421789404056296
2.542224814996839
2.5424472382105936
2.542720676739476
2.542907166090985
2.5428927525378437
2.5426182476062325
2.54209470751215
2.541398603890842
2.5406488818059842
2.5399741630907515
2.539480259926281
2.539225985568781
2.539211402605208
2.5393794587359593
2.5396300194911805
2.539843743546637
2.539911167331038
2.5397601200496176
2.5393737870842723
2.5387938783331
2.538108175564339
2.5374269530259235
2.5368557371691542
2.5364715755968374
2.5363074988194074
2.5363470826472243
2.536529123667511
2.5367613235821245
2.536940755741781
