0.39636007157743247
0.8661241296473616
1.413400129085517
1.9178949552577473
2.3149616715658574
2.499230724380303
2.5237943286444717
2.511613193800212
2.5049904432043606
2.5043305191421856
2.5066848887369533
2.5109791981973397
2.5169629105296347
2.524498627140186
2.533192359595219
2.542170052850316
2.550091027698963
2.5555504488755627
2.5577815073343673
2.5572010359391752
2.5553465616661466
2.5542604620894194
2.5557778199729806
2.5610151118967055
2.5699914919478397
2.581299560552547
2.5921680977738832
2.5995489872239306
2.6020891572618408
2.601403565822244
2.6012418897930076
2.605209924663824
2.6146635195462293
2.6276227120349076
2.639393505334784
2.6456616673050695
2.646380827935335
2.646271327643889
2.6508799495315314
2.6618753298281486
2.6751763346953377
2.683818219707688
2.684582784507705
2.6816790061584204
2.682345188369316
2.689351379790403
2.698114301654132
2.701176915026842
2.696412688410013
2.689598363304659
2.6879568268075427
2.6927670162661084
2.6983981286089147
2.698244507043272
2.691981142769791
2.685814701970469
2.6855828005849585
2.690918176754418
2.6957690442096314
2.6946111898392346
2.6884155999888395
2.6834261092133724
2.6843981838815876
2.6899568292889002
2.6940555962375003
2.6921839768282236
2.686228661729733
2.682279796135085
2.684177394199158
2.6898197413076352
2.693293024615299
2.6909593624192
2.6853711185410405
2.6823803614172252
2.6850159892971153
2.690585455447344
2.6933686082962143
2.6905540542428525
2.685264148487919
2.683066585878396
2.6862005360430206
2.691448912169082
2.69336872873113
2.689995955506473
2.684946817454756
2.6834206413414554
2.6868657516491865
2.6916364034816094
2.692675672845826
2.68884948079039
2.6841325649534222
2.6832689012643707
2.686967440470906
2.6912857342389636
2.6916194991727966
2.6875679273201563
2.6833114676310923
2.683101950935563
2.687002880690035
2.690893549246419
2.690643336854032
2.6864794938329495
2.682680246008597
2.683009543839541
2.6869819231975454
2.690397359218239
2.689608363564932
2.6853779226111154
2.6819967451667335
2.6827552444338
2.686711803095412
2.689670359689918
2.6884517351376904
2.68425047448069
2.681296162400711
2.6824375285623168
2.686369976685941
2.6889603445229
2.687456977437409
2.683387865329342
2.6808770774252175
2.682376284632052
2.686291375411241
2.6885806428090167
2.6868765214132724
2.682974346044022
2.680873764580861
2.682661965896576
2.686496717088685
2.688443780962831
2.6865006872474813
2.6826976910450644
2.6808970729167765
2.6828375979120493
2.686463615340384
2.687978635605448
2.6857403748010737
2.681976701876808
2.680389059347105
2.6823922062236614
2.685773921628177
2.6869063426111883
2.684466546208006
2.6808067642565407
2.6794468755731455
2.6815315055757214
2.6847601627882853
2.685675466368445
2.6831952970830786
2.6797213250719314
2.678599648737989
2.680776237711752
2.6839182432908277
2.6847213112028148
2.6822733803741947
2.6789811061713733
2.678041325212625
2.680260124424034
2.6833064236608335
2.6840099569238265
2.6815810369573465
2.678407114627794
2.67755633416861
2.6797358942690273
2.6826415384940607
2.6832259607813134
2.680786869125368
2.677670767851553
2.6768317007795757
2.6789169439213416
2.681678414508628
2.682181213182825
2.679766205484981
2.6767062935628343
2.6758545455021627
2.677843607852178
2.6805131660433523
2.6810220751834253
2.678699394433796
2.675709226488845
2.674822056946171
2.6767057377253223
2.6793193542276468
2.6798973502814905
2.6777071345843195
2.6747743164515967
2.673805284028408
2.6755489718734387
2.6781144397570436
2.678799603650622
2.6767680429693548
2.673877202038899
2.672779948802807
2.674344644624711
2.6768610461424425
2.6776859972162472
2.6758433678849127
2.6729899061549376
2.671726459290077
2.6730730909577844
2.675533687220646
2.676528891788061
2.6749135863823015
2.6721074674708962
2.6706505446285624
2.671740136545911
2.6741305872724865
2.6753216973037177
2.673978117280134
2.6712426294931904
2.6695737957450563
2.670363063915354
2.672653918787744
2.6740531482678582
2.6730255434433254
2.670395545569851
2.6685063656788994
2.66894879418246
2.6710948291959737
2.672699534884509
2.672032853776093
2.6695599047642085
2.6674598171330466
2.6675124771161514
2.669455264034185
2.671245912856206
2.6709826217526818
2.6687350268727132
2.6664551142787754
2.6660823801084224
2.66774945108751
2.6696828020525936
2.669854090967288
2.6679128199886013
2.665508849515014
2.6646884783932014
2.6659959839760914
2.6680005107057183
2.6686172226277995
2.667070422669388
2.6646260646445548
2.663358063878966
2.66421753024624
2.666191713114021
2.6672348656594562
2.6661697061959093
2.663798530905068
2.662116613655147
2.6624472012256737
2.664263059997508
2.6656756963102453
2.6651670341555
2.6630107787480415
2.6609935484667164
2.660737589081886
2.662247789221606
2.6639260036752783
2.664017673970949
2.6622347646093596
2.6600113363844486
2.6591508741929797
2.660200898235596
2.6619882689088112
2.6626708032791866
2.6614160686944963
2.659165697113114
2.657741321029941
2.658191312812012
2.659884212422819
2.661075846404155
2.660473260292216
2.658416000225965
2.656544402364788
2.656299880360832
2.6576668841347453
2.6592030604716377
2.6593129904858253
2.6576864210148035
2.655569146889298
2.6546153811433317
2.6554306346465975
2.657066755109061
2.657851367368496
2.6568693355759376
2.6547830150028
2.653214633711458
2.653303070779384
2.654737050697317
2.656034570750792
2.655831905705157
2.65409371859323
2.6521305173608956
2.651421025723199
2.652341994567507
2.6538657301034023
2.654441791785929
2.653348067681815
2.6513240961965128
2.649898191156826
2.650058268282602
2.6514321607896156
2.6526115955732745
2.65235468361855
2.6506669175816353
2.648782698756874
2.6480783170776343
2.6489132832686337
2.6503473040091223
2.6509313056640407
2.649944286786776
2.6480134801116
2.6465531293236935
2.6465559956760782
2.647783649670455
2.648974227177664
2.6488962492708694
2.64739700509481
2.645522782561354
2.6446114729683474
2.6451826653494632
2.6465291873682912
2.6473009803421403
2.6466288964654985
2.6448582016911213
2.6432400284057
2.642875340537433
2.64382719546907
2.6450830766520554
2.645379886271307
2.6442512201914212
2.642412554885828
2.6411463112641163
2.6412474689880696
2.6424001478059034
2.6434385639667926
2.6432897135123654
2.6418571264650046
2.640090635450788
2.6391902209043834
2.6396438958864517
2.64085675078117
2.641626302462437
2.641108324778643
2.6395050304894547
2.6378862039805995
2.6373126414694728
2.638005513608434
2.639187130648529
2.6396925291863798
2.6388980866457197
2.637222537467305
2.6357740801857834
2.6354615056012167
2.636298139362328
2.637402657321245
2.6376836996402067
2.6367019445320836
2.635016299126735
2.633724055573351
2.633598062210697
2.634506850395014
2.635523689947065
2.6356381257786343
2.6345456759357457
2.632881958586227
2.6317095484447273
2.631697487502318
2.632628739031177
2.6335707595089244
2.633582852419539
2.6324425243348917
2.630811948774522
2.6297120592378715
2.629746979327621
2.630666771703484
2.6315594021338504
2.6315335268599376
2.630397673400462
2.6288004847100774
2.6277228510345267
2.627743387264581
2.6286257088039178
2.629497705981481
2.629495212357919
2.628411102379344
2.6268458690550656
2.6257431298301577
2.6256916590383486
2.626510425702915
2.627385842065182
2.62746310838654
2.6264783998427745
2.624950531024637
2.6237835086324646
2.623604634531378
2.6243266182952603
2.6252171907550506
2.625422846757644
2.6245894908726313
2.6231188915184536
2.6218627272183337
2.6215039816012164
2.6220837275601943
2.6229812292210424
2.6233508663675407
2.6227257232070462
2.6213529960332056
2.620004994085775
2.6194214673074185
2.619799758633746
2.6206687834697635
2.621216142637408
2.620856346742069
2.619645870667821
2.618234744643807
2.6173989116107528
2.6175069944370515
2.6182801416361245
2.6189851330288665
2.618936362220059
2.6179732272910123
2.616567557288749
2.6154843785597546
2.6152564422695397
2.615835657683131
2.6166319302120806
2.616908981073681
2.616285793844307
2.614996925664
2.613721802156614
2.613117250989716
2.613386396009184
2.614154419295949
2.614716750332387
2.614507054350545
2.6134791370071246
2.612132213279286
2.611166037176415
2.6110191968496745
2.6115938620107935
2.6123242951296914
2.6125436014484458
2.611922972282363
2.6106883615069143
2.6094617067798986
2.6088475036288923
2.609049645410096
2.609750659281892
2.6103150416638585
2.6101961387238433
2.6092917658513497
2.608006315036476
2.606979177191092
2.6066748486533764
2.607099515572622
2.607803466204042
2.608162041478776
2.6077707804450725
2.6067037576981766
2.6054593961927317
2.60463671974847
2.6045641321965034
2.6051064107023274
2.605751223895378
2.605923531457839
2.6053442552205923
2.6042040997375246
2.6030361684364016
2.6023798793372643
2.602456878952104
2.603045816652054
2.603617362802683
2.603653542122973
2.6029655087675336
2.6018074595717717
2.6007125744119275
2.600165797912603
2.6003204508153344
2.6009151663904135
2.601429040757263
2.6013902231403967
2.6006600543773732
2.5995138870377374
2.598467770203884
2.5979691375044203
2.5981415869820217
2.5987202486995833
2.5992055716039766
2.5991534163197416
2.598437169219077
2.5973198032956235
2.596291602660158
2.5957821365526055
2.595920161028921
2.5964673252678296
2.5969539153081276
2.5969457051585274
2.596294753275526
2.595222818968279
2.594186466506696
2.593613197894669
2.5936663656629193
2.5941612601434927
2.594668848225593
2.5947537974742048
2.5942200935825053
2.5932207815343267
2.592165260522242
2.5914856158604236
2.59140186343109
2.5918091201334588
2.5923369742364515
2.5925499764727817
2.5921870242089238
2.591305667448091
2.5902453767302456
2.589435423453923
2.589163462313752
2.5894284646999006
2.589945372246311
2.590295907339016
2.590151978388716
2.5894533676285327
2.5884374338127616
2.5875051542339076
2.5870057318282207
2.58705837091787
2.58749603104902
2.5879529124534004
2.5880539621813945
2.58761248527189
2.586728109307599
2.5857292105974032
2.584996455466159
2.584768140633851
2.5850248426231697
2.5855025933107023
2.585826018021848
2.585699623093969
2.585060481530851
2.584108291211435
2.5831972957854514
2.5826540291578186
2.582617746671277
2.5829768248152996
2.583425338034267
2.5836136977258093
2.5833235680322177
2.582577755346567
2.58162516487177
2.580811437777772
2.5804079839126413
2.5804846710213867
2.5808804944695036
2.58128154376117
2.581372126600333
2.5809893699919506
2.5802026799427606
2.579275701022544
2.578533856637862
2.5782088437677446
2.5783337853427426
2.5787312933544513
2.5790967549023205
2.5791414794009158
2.5787306849400506
2.5779472588191603
2.577048197462593
2.5763391242473026
2.5760324322138186
2.576153998674544
2.5765346645750604
2.5768875467100503
2.576939300972208
2.5765573441386476
2.5758110300281287
2.5749357603644922
2.5742206726454375
2.5738775151176276
2.573949761983006
2.574296656123253
2.5746560612363645
2.5747609351978515
2.5744600524174834
2.573786352231857
2.5729390371817
2.5721901506869513
2.5717632943964346
2.5717392121853146
2.572024487869255
2.572392807482206
2.572582436457212
2.572410764534583
2.5718549746952846
2.571060122813501
2.5702717427706983
2.569727571671302
2.5695581522748747
2.5697355528260313
2.570086981989936
2.5703670620423815
2.570361398554278
2.5699785494234777
2.569288463253441
2.5684894699477163
2.56782124399596
2.5674649267676926
2.567471757613326
2.5677451141220473
2.568080439296315
2.5682483837834913
2.5680895870976803
2.5675811181530377
2.566844341919941
2.5660914079910686
2.5655365856807593
2.565311388171662
2.5654155324189016
2.5657190960873826
2.566013848143401
2.5660956892081774
2.565846895902928
2.565283503737742
2.5645467211206583
2.5638433449556817
2.563362914276456
2.563205837807285
2.5633477638184643
2.5636504095925563
2.5639143605720256
2.563955793136999
2.5636784304127476
2.5631109295072774
2.562393528009295
2.5617208955108723
2.5612668294405276
2.561120662868614
2.5612567508561885
2.561545326006491
2.5618004730613015
2.5618493914504223
2.561597906194638
2.5610659579094355
2.5603781501280802
2.559714309242237
2.5592417789655504
2.5590558224008992
2.5591478360414137
2.559409932484817
2.5596736276724124
2.5597703946360024
2.5595933357910794
2.5591364199340743
2.558495292249793
2.557829959717408
2.5573056688442164
2.5570351044662565
2.557041286211435
2.5572514149965
2.55752245229244
2.55769058946022
2.557628843276992
2.5572922741171054
2.556733241474407
2.5560808528466907
2.5554937516509155
2.5551051189252716
2.554979088783913
2.555091305461469
2.555338078819766
2.555571006965683
2.555646867948376
2.5554766535668123
2.5550560683576373
2.5544658010604993
2.5538419722649426
2.553328963982082
2.5530320730707197
2.5529850015721256
2.5531406683912286
2.5533869424082054
2.5535827177669437
2.553603918648297
2.553384638028566
2.5529387483848835
2.5523539654781113
2.551761172862726
2.551291049531042
2.551033137137133
2.5510094862430255
2.551169250345489
2.5514048865307597
2.5515855093108533
2.551598082239394
2.551383580702459
2.5509556217511316
2.5503948780208585
2.549821819926065
2.5493581569250408
2.5490900234688016
2.5490434953116856
2.549178167970814
2.5493997064107594
2.5495880018536914
2.5496334740776128
2.549470786984677
2.5490988743402156
2.5485803160701295
2.548020647045464
2.5475353849884765
2.5472158965304987
2.547103984784814
2.5471812411423387
2.547375045961549
2.547579463665758
2.5476858441129697
2.5476148048040623
2.547339810740433
2.5468945285865785
2.546361614682695
2.5458472279830833
2.545450027989694
2.5452340007031964
2.545211965182676
2.545343076520501
2.5455444054603773
2.545713807582497
2.545758487070151
2.5456214161661115
2.545297523120028
2.544834406936753
2.5443175945340673
2.543845585484626
2.5435026667051486
2.543337010072344
2.543349043154923
2.5434921431947375
2.54368514781898
2.543833854828099
2.5438563901280036
2.5437056294972513
2.5433819856844346
2.542932568835107
2.5424372311896475
2.5419862504889688
2.541656477242935
2.5414922281865677
2.541495058255069
2.541624110488365
2.5418066545115265
2.5419565389847456
2.5419963935929935
2.541877927487231
2.541594557701418
2.5411825718268988
2.5407106446581813
2.540261216561564
2.5399093479648616
2.5397045909079567
2.5396598114666054
2.5397488645019872
2.5399132396713107
2.540076259156345
2.5401618675835356
2.540113637274874
2.5399089941972837
2.5395646059277888
2.5391314240972775
2.538681086004119
2.5382878240757
2.53801077966341
2.5378807754232873
2.537893989821368
2.5380133821030273
2.5381773956522955
2.5383142503340514
2.538358882567277
2.538268584081114
2.538033261227067
2.5376774683476655
2.537253747552172
2.5368293839138536
2.5364703587422994
2.536226524298644
2.536121109355441
2.536146302851619
2.536265409298406
2.536421043271149
2.5365478580953935
2.536587293727545
2.5365010338822764
2.5362797969746302
2.5359451187060933
2.535543732881962
2.535136267679012
2.534783373515424
2.53453264811312
2.534409019484998
2.5344101436317588
2.534507339372107
