-0.757314586400756
-0.7490362790343551
-0.7407998014359684
-0.7326052345472582
-0.7244526591066629
-0.716342155252945
-0.7082738028155089
-0.7002476812355447
-0.6922638694724612
-0.6843224460562083
-0.6764234891170933
-0.6685670763854793
-0.6607532851806177
-0.6529821923992206
-0.6452538745141703
-0.6375684075747922
-0.6299258672053689
-0.6223263286041454
-0.6147698665454282
-0.6072565553825092
-0.5997864690475042
-0.5923596810488286
-0.5849762644690196
-0.5776362919632863
-0.570339835758286
-0.5630869676509647
-0.5558777590080635
-0.5487122807665821
-0.5415906034343039
-0.5345127970895083
-0.5274789313796628
-0.5204890755196898
-0.5135432982905499
-0.506641668038552
-0.4997842526752231
-0.4929711196773403
-0.48620233608660096
-0.4794779685088326
-0.47279808311285054
-0.46616274562935694
-0.45957202135009206
-0.4530259751273203
-0.44652467137349944
-0.44006817406098603
-0.43365654672164183
-0.42728985244628204
-0.4209681538839932
-0.41469151324136677
-0.4084599922816839
-0.4022736523241554
-0.3961325542431986
-0.390036758467831
-0.38398632498112273
-0.3779813133197105
-0.37202178257327245
-0.36610779138395905
-0.3602393979457619
-0.35441666000385086
-0.3486396348539493
-0.3429083793417938
-0.33722294986267104
-0.3315834023610058
-0.32598979232992603
-0.3204421748107856
-0.31494060439258104
-0.3094851352113238
-0.3040758209493884
-0.29871271483488915
-0.29339586964110975
-0.2881253376859641
-0.282901170831523
-0.277723420483557
-0.2725921375911129
-0.2675073726460901
-0.26246917568281103
-0.25747759627756583
-0.25253268354810976
-0.24763448615313743
-0.2427830522917096
-0.23797842970269945
-0.23322066566425292
-0.22850980699325663
-0.22384590004485327
-0.21922899071199653
-0.21465912442502155
-0.21013634615126542
-0.2056607003946893
-0.20123223119552447
-0.19685098212988916
-0.19251699630937313
-0.1882303163803145
-0.18399098452028406
-0.1797990424083028
-0.17565453097569617
-0.17155748854505704
-0.16750793868989333
-0.163505822205965
-0.15955067716905813
-0.15564042313724447
-0.15176787637160405
-0.1479142115817863
-0.14404392027747848
-0.14011139708744058
-0.13607853765235145
-0.13192620995646276
-0.12765160383116492
-0.12326014025543497
-0.11875967451996206
-0.11415791881558512
-0.10946165702084398
-0.10467666275917165
-0.09980782736639182
-0.09485932071186332
-0.08983473276317333
-0.08473718617043513
-0.07956942248756349
-0.07433386708974266
-0.06903267737255026
-0.06366777766298115
-0.058240883022709355
-0.05275351274966078
-0.04720699245644722
-0.04160244000328717
-0.0359407222379472
-0.030222347025871565
-0.024447184524482246
-0.018613643792861234
-0.0127155851209233
-0.006724209503322198
0.0011445413950458283
0.007967271102297446
0.014144353716286528
0.020334236281887352
0.026566467142498107
0.032847921062318375
0.039181006917188954
0.04556677542481502
0.052005747555521564
0.05849819525727029
0.06504425256104873
0.0716439651491636
0.07829731519817895
0.08500423560016535
0.09176461938561531
0.09857832684541368
0.10544519142609987
0.11236502484591904
0.11933762160629302
0.12636276296255555
0.13344022038091563
0.14056975850330522
0.14775113764794967
0.15498411588171357
0.16226845070669438
0.16960390040688267
0.17699022510124995
0.18442718754787613
0.19191455374031485
0.1994520933332925
0.20703957993007582
0.21467679125938388
0.22236350926520332
0.23009952012902735
0.23788461424044938
0.2457185861290223
0.25360123436776605
0.2615323614565228
0.2695117736916084
0.27753928102680114
0.28561469692949815
0.29373783823498245
0.30190852500101917
0.310126580364362
0.3183918304003919
0.3267041039866587
0.3350632326709193
0.3434690505439859
0.3519213941175998
0.3604201022074067
0.36896501582097696
0.3775559780508635
0.38619283397253046
0.3948754305470217
0.403603616528184
0.4123772423742902
0.4211961601638454
0.4300602235154076
0.43896928751120523
0.4479232086244067
0.45692184464981267
0.4659650546378402
0.47505269883161305
0.4841846386069739
0.4933607364153185
0.5025808557290543
0.5118448609895818
0.5211526175576469
0.5305039916659493
0.5398988503738882
0.5493370615243436
0.5588184937023701
0.5683430161957244
0.5779104989571149
0.5875208125681102
0.597173828204614
0.6068694176037894
0.6166074530324526
0.626387807256739
0.6362103535131212
0.6460749654805831
0.6559815172539718
0.6659298833184621
0.6759199385250501
0.6859515580670603
0.6960246174576028
0.7061389925079382
0.716294559306716
0.7264911942000296
0.7367287737722812
0.7470071748277807
0.7573262743730886
0.7676859496000272
0.7780860778693715
0.7885265366951533
0.7990072037295946
0.8095279567485889
0.8200886736377591
0.8306892323790365
0.8413295110377508
0.852009387750206
0.8627287407117272
0.873487448165152
0.884285388389749
0.8951224396905566
0.9059984803881154
0.9169133888085756
0.9278670432741798
0.9388593220940891
0.9498901035555445
0.960959265915367
0.9720666873917505
0.983212246156377
0.9943958203267957
1.0056172879590992
1.0168765270408624
1.0281734154843356
1.0395078311198898
1.0508796516897014
1.0622887548416529
1.0737350181234966
1.085218318977173
1.0967385347333902
1.1082955426063705
1.1198892196887957
1.131519442946951
1.1431860892160373
1.1548890351956498
1.1666281574454356
1.178403332380908
1.1902144362694198
1.2020613452262872
1.2139439352110504
1.225862082023884
1.237815661302145
1.2498045485170444
1.2618286189704584
1.2738877477918429
1.2859818099352935
1.2981106801766948
1.3102742331110058
1.3224723431496344
1.3347048845179277
1.3469717312527596
1.3592727572002126
1.371607836013375
1.3839768411501971
1.396379645871475
1.4088161232388874
1.4212861461131325
1.4337895871521606
1.4463263188094562
1.4588962133324195
1.4714991427608144
1.4841349789252813
1.49680359344595
1.5095048577310752
1.5222386429757897
1.5350048201608715
1.5478032600516105
1.560633833196725
1.5734964099273316
1.5863908603559782
1.5993170543757351
1.6122748616593299
1.625264151658353
1.6382847936024945
1.6513366564988505
1.6644196091312562
1.6775335200596952
1.6906782576197248
1.7038536899219672
1.7170596848516304
1.7302961100680907
1.7435628330044945
1.7568597208674106
1.7701866406365259
1.7835434590643793
1.7969300426761166
1.810346257769302
1.8237919704137635
1.8372670464514584
1.8507713514963786
1.8643047509344868
1.87786710992372
1.8914582933939563
1.9050781660470726
1.9187265923569843
1.9324034365697713
1.9461085627037793
1.9598418345497723
1.9736031156711125
1.9873922694039567
2.001209158857499
2.0150536469142075
2.028925596230118
2.042824869235125
2.0567513281333234
2.0707048349033323
2.084685251298694
2.0986924388482553
2.112726258856581
2.126786572404395
2.1408732403490323
2.1549861233249237
2.169125081744081
2.1832899757966207
2.1974806654513053
2.2116970104560707
2.2259388703386334
2.2402061044070454
2.2544985717503234
2.268816131239059
2.2831586415260636
2.2975259610470236
2.311917948021165
2.326334460451955
2.3407753561277884
2.3552404926227197
2.369729727297174
2.38424291729872
2.3987799195628083
2.413340590813558
2.4279247875645353
2.4425323661195693
2.4571631825735425
2.471817092813237
2.486493952518167
2.501193617161431
2.515915942010582
2.5306607821284723
2.5454279923741927
2.5602174274039173
2.5750289416718486
2.589862389431132
2.6047176247347643
2.619594501436567
2.6344928731921176
2.649412593459717
2.66435351550137
2.679315492383753
2.6942983769792157
2.7093020219667805
2.7243262798331527
2.7393710028737432
2.7544360431936887
2.7695212527089055
2.7846264831471137
2.799751586048913
2.814896412768827
2.8300608144764148
2.8452446421572795
2.8604477466142333
2.875669978468342
2.890911188160053
2.9061712259502954
2.921449941921602
2.9367471859792333
2.952062807852328
2.9673966570950094
2.9827485830875666
2.998118435037589
3.013506061981139
3.02891131278391
3.0443340361424154
3.059774080585149
3.075231294473798
3.090705526004414
3.10619662320863
3.1217044339548563
3.137228805949497
3.1527695867381738
3.1683266237069416
3.1838997640835185
3.199488854938532
3.215093743186749
3.2307142755883325
3.246350298750082
3.262001659126704
3.2776682030220687
3.293349776590482
3.309046225837945
3.3247573966234567
3.34048313466028
3.3562232855172347
3.371977694619992
3.387746207252369
3.403528668557642
3.419324923539838
3.435134817065059
3.4509581938627996
3.466794898527258
3.482644775518672
3.4985076691646446
3.5143834236614735
3.5302718830755033
3.5461728913444537
3.562086292278776
3.578011929562992
3.5939496467570695
3.609899287297768
3.6258606944999974
3.6418337115581894
3.657818181547677
3.6738139474260523
3.6898208520345586
3.7058387380994677
3.7218674482334597
3.7379068249370198
3.7539567105998284
3.770016947502154
3.7860873778162505
3.80216784360778
3.8182581868371797
3.834358249361112
3.850467872933857
3.866586899208726
3.882715169739491
3.8988525259817965
3.9149988092945947
3.9311538609415644
3.9473175220925496
3.9634896338249934
3.97967003712537
3.9958585728906266
4.012055081929629
4.028259404964606
4.044471382632601
4.060690855486914
4.076917663998567
4.093151648557756
4.109392649475306
4.125640506984139
4.141895061240742
4.15815615232662
4.174423620249778
4.190697304946188
4.206977046281276
4.22326268405137
4.239554057985208
4.255851007745409
4.27215337292995
4.288460993073671
4.304773707649736
4.321091356071147
4.3374137776922375
4.35374081181014
4.370072297666322
4.386408074448046
4.402747981289909
4.419091857275311
4.4354395414379875
4.4517908727635
4.468145690190753
4.484503832613503
4.500865138881868
4.517229447803857
4.533596598146858
4.54996642863919
4.566338777971606
4.582713484798814
4.599090387741
4.615469325385364
4.631850136287636
4.648232658973618
4.664616731940698
4.68100219365939
4.6973888825748755
4.713776637108527
4.730165295659446
4.746554696606008
4.762944678307402
4.779335079105156
4.795725737324709
4.812116491276924
4.828507179259656
4.844897639559285
4.861287710452268
4.877677230206696
4.89406603708383
4.910453969339666
4.926840865226481
4.943226562994392
4.959610900892901
4.97599371717247
4.99237485008606
5.008754137890703
5.02513141884905
5.0415065312309455
5.0578793133149835
5.074249603390064
5.090617239756968
5.106982060729917
5.123343904638134
5.139702609827428
5.1560580146617365
5.172409957524716
5.188758276821303
5.20510281097928
5.221443398450852
5.237779877714223
5.254112087275156
5.270439865668562
5.286763051460061
5.303081483247564
5.319394999662845
5.335703439373124
5.352006641082631
5.3683044435342016
5.384596685510836
5.400883205837294
5.417163843381667
5.433438437056953
5.449706825822647
5.465968848686313
5.482224344705177
5.498473152987685
5.514715112695122
5.530950063043158
5.547177843303456
5.563398292805239
5.579611250936886
5.59581655714751
5.612014050948541
5.628203571915313
5.64438495968865
5.660558053976453
5.67672269455527
5.692878721271913
5.709025974045001
5.725164292866591
5.741293517803726
5.757413489000047
5.773524046677363
5.789625031137248
5.805716282762625
5.821797642019338
5.837868949457768
5.853930045714393
5.869980771513381
5.886020967668184
5.902050475083119
5.918069134754952
5.934076787774486
5.950073275328154
5.96605843869959
5.982032119271225
5.9979941585258745
6.013944398048311
6.029882679526869
6.04580884475501
6.061722735632916
6.077624194169077
6.093513062481868
6.109389182801138
6.125252397469787
6.141102548945357
6.156939479801609
6.172763032730105
6.188573050541793
6.204369376168586
6.220151852664941
6.235920323209449
6.251674631106394
6.267414619787356
6.28314013281278
6.298851013873547
6.314547106792562
6.330228255526324
6.34589430416651
6.361545096941545
6.3771804782181745
6.392800292503049
6.408404384444284
6.423992598833047
6.439564780605121
6.455120774842474
6.47066042677484
6.486183581781281
6.501690085391755
6.517179783288693
6.5326525213085525
6.5481081454434
6.563546501842463
6.5789674368137065
6.594370796825386
6.609756428507616
6.62512417865393
6.6404738942228505
6.655805422339429
6.671118610296828
6.686413305557858
6.701689355756551
6.716946608699708
6.732184912368451
6.74740411491978
6.762604064688132
6.77778461018692
6.792945600110089
6.808086883333667
6.823208308917304
6.838309726105833
6.853390984330797
6.8684519332120075
6.883492422559082
6.898512302372979
6.913511422847549
6.928489634371063
6.943446787527756
6.958382733099361
6.9732973220666405
6.988190405610926
7.0030618351156395
7.017911462167831
7.032739138559709
7.047544716290158
7.062328047566268
7.077088984804869
7.091827380634031
7.106543087894609
7.121235959641741
7.1359058491463845
7.150552609896815
7.165176095600154
7.179776160183873
7.194352657797305
7.20890544281316
7.223434369829025
7.237939293668872
7.25242006938457
7.266876552257367
7.281308597799411
7.295716061755236
7.310098800103269
7.3244566690573105
7.338789525068041
7.3530972248245
7.367379625255587
7.381636583531542
7.395867957065425
7.4100736035146095
7.424253380782261
7.438407147018811
7.452534760623439
7.466636080245546
7.480710964786224
7.494759273399734
7.508780865494969
7.5227756007369235
7.536743339048154
7.550683940610247
7.564597265865275
7.578483175517254
7.592341530533603
7.606172192146593
7.619975021854799
7.633749881424556
7.647496632891393
7.661215138561488
7.6749052610131
7.688566863098021
7.702199807943007
7.715803958951206
7.729379179803598
7.742925334460429
7.756442287162629
7.769929902433244
7.78338804507885
7.79681658019099
7.810215373147569
7.82358428961429
7.836923195546047
7.85023195718836
7.863510441078751
7.876758514048177
7.889976043222415
7.903162896023467
7.916318940170959
7.929444043683532
7.942538074880233
7.955600902381903
7.968632395112569
7.981632422300821
7.994600853481195
8.007537558495548
8.020442407494437
8.033315270938491
8.046156019599772
8.058964524563155
8.071740657227679
8.084484289307914
8.097195292835316
8.109873540159587
8.122518903950017
8.135131257196843
8.147710473212586
8.160256425633404
8.172768988420424
8.185248035861076
8.197693442570436
8.210105083492554
8.222482833901772
8.234826569404063
8.247136165938345
8.259411499777798
8.271652447531176
8.283858886144134
8.296030692900514
8.308167745423674
8.32026992167777
8.33233709996907
8.344369158947242
8.356365977606643
8.368327435287618
8.380253411677783
8.392143786813298
8.403998441080162
8.415817255215474
8.427600110308713
8.43934688780301
8.451057469496403
8.462731737543107
8.47436957445478
8.485970863101759
8.497535486714323
8.509063328883949
8.520554273564537
8.53200820507367
8.543425008093843
8.554804567673697
8.56614676922925
8.57745149854513
8.588718641775786
8.599948085446721
8.611139716455694
8.622293422073948
8.633409089947408
8.644486608097885
8.655525864924291
8.666526749203815
8.677489150093134
8.688412957129602
8.699298060232422
8.710144349703846
8.720951716230342
8.731720050883775
8.742449245122573
8.753139190792904
8.76378978012982
8.77440090575844
8.78497246069509
8.795504338348461
8.805996432520741
8.816448637408794
8.82686084760526
8.837232958099715
8.847564864279798
8.857856461932332
8.868107647244454
8.878318316804739
8.888488367604303
8.898617697037917
8.908706202905133
8.91875378341136
8.92876033716898
8.938725763198443
8.94864996092935
8.958532830201545
8.968374271266196
8.978174184786873
8.987932471840628
8.997649033919052
9.007323772929357
9.016956591195422
9.026547391458857
9.036096076880067
9.045602551039277
9.055066717937594
9.064488481998044
9.0738677480666
9.083204421413228
9.092498407732895
9.101749613146607
9.110957944202422
9.120123307876456
9.12924561157391
9.138324763130056
9.14736067081125
9.15635324331592
9.165302389775563
9.174208019755731
9.183070043257013
9.191888370716008
9.200662913006303
9.20939358143945
9.218080287765911
9.226722944176034
9.235321463300998
9.243875758213779
9.252385742430073
9.26085132990925
9.269272435055303
9.27764897271775
9.285980858192586
9.294268007223197
9.30251033600128
9.31070776116775
9.318860199813662
9.326967569481095
9.335029788164068
9.34304677430943
9.351018446817742
9.358944725044173
9.366825528799371
9.374660778350343
9.382450394421321
9.390194298194631
9.397892411311556
9.405544655873186
9.413150954441269
9.42071123003906
9.428225406152167
9.435693406729376
9.443115156183483
9.450490579392138
9.45781960169864
9.465102148912779
9.472338147311625
9.479527523640353
9.486670205113029
9.493766119413419
9.500815194695777
9.507817359585625
9.514772543180541
9.521680675050934
9.528541685240818
9.53535550426857
9.542122063127701
9.548841293287607
9.55551312669432
9.562137495771257
9.568714333419953
9.575243573020808
9.581725148433812
9.588158993999267
9.594545044538512
9.600883235354633
9.607173502233188
9.613415781442885
9.61961000973631
9.625756124350593
9.631854063008129
9.637903763917233
9.643905165772834
9.649858207757147
9.655762829540334
9.661618971281177
9.667426573627726
9.673185577717959
9.678895925180424
9.684557558134879
9.690170419192935
9.695734451458685
9.701249598529326
9.70671580449578
9.712133013943308
9.717501171952131
9.72282022409802
9.728090116452899
9.733310795585437
9.73848220856165
9.743604302945458
9.748677026799289
9.753700328684628
9.758674157662602
9.763598463294533
9.768473195642486
9.773298305269833
9.778073743241789
9.782799461125954
9.787475410992846
9.792101545416427
9.796677817474633
9.801204180749881
9.805680589329588
9.810106997806677
9.814483361280073
9.818809635355201
9.823085776144477
9.827311740267787
9.831487484852973
9.835612967536301
9.839688146462928
9.843712980287364
9.847687428173938
9.851611449797225
9.855485005342521
9.85930805550626
9.863080561496453
9.866802485033123
9.870473788348725
9.874094434188558
9.877664385811183
9.88118360698882
9.884652062007758
9.888069715668742
9.89143653328737
9.894752480694468
9.898017524236469
9.901231630775788
9.904394767691187
9.907506902878133
9.910568004749159
9.913578042234208
9.916536984780972
9.919444802355242
9.922301465441228
9.925106945041895
9.927861212679277
9.93056424039479
9.933216000749555
9.93581646682468
9.938365612221578
9.940863411062244
9.943309837989554
9.945704868167534
9.948048477281644
9.950340641539034
9.952581337668828
9.954770542922365
9.956908235073447
9.958994392418608
9.961028993777331
9.963012018492291
9.964943446429585
9.966823257978957
9.968651434054008
9.970427956092418
9.972152806056137
9.973825966431603
9.97544742022992
9.977017150987061
9.978535142764036
9.980001380147089
9.981415848247849
9.982778532703515
9.984089419677003
9.985348495857115
9.98655574845868
9.987711165222711
9.98881473441654
9.989866444833963
9.990866285795375
9.991814247147921
9.992710319265619
9.993554493049519
9.994346759927872
9.995087111856314
9.995775541318107
9.99641204132447
9.996996605415074
9.997529227658807
9.998009902655188
9.998438625536963
9.99881539197553
9.999140198193253
9.999413040995039
9.999633917863225
9.999802827314523
9.999919770815186
9.999984773152079
