-0.7521044330731139
-0.7417998039493751
-0.7315605959624192
-0.7213869664557824
-0.7112790717475571
-0.7012370670847505
-0.691261106755033
-0.6813513440217827
-0.6715079311462071
-0.6617310193653003
-0.6520207588899285
-0.6423772989005573
-0.6328007875495258
-0.623291371963129
-0.6138491982409806
-0.6044744114517392
-0.5951671556285887
-0.5859275737659406
-0.5767558078168094
-0.5676519986911963
-0.5586162862548738
-0.5496488093277415
-0.5407497056812607
-0.5319191120358817
-0.5231571640593339
-0.5144639963656147
-0.5058397425136059
-0.4972845350047608
-0.4887985052799996
-0.4803817837166375
-0.47203449962585614
-0.46375678125091174
-0.45554875576581255
-0.44741054927404683
-0.4393422868070191
-0.431344092322083
-0.42341608870036107
-0.41555839774458747
-0.4077711401771047
-0.40005443563802245
-0.39240840268341415
-0.38483315878353014
-0.377328820321009
-0.369895502589145
-0.36253331979016723
-0.35524238503351785
-0.3480228103341026
-0.340874706610514
-0.3337981836832711
-0.32679335027310463
-0.3198603139993151
-0.31299918137813315
-0.306210057821122
-0.2994930476335419
-0.2928482540127171
-0.2862757790464318
-0.27977572371134307
-0.2733481878714355
-0.26699327027652225
-0.26071106856073867
-0.25450167924105954
-0.24836519771579924
-0.24230171826313707
-0.23631133403964533
-0.23039413707886802
-0.22455021828991817
-0.21877966745612665
-0.2130825732336893
-0.20745902315032494
-0.20190910360385683
-0.19643289985992574
-0.19103049603925992
-0.18570197499481977
-0.18044741718193258
-0.1752668916387009
-0.17016039495110102
-0.16512750955010835
-0.16016588107880536
-0.15526618267414993
-0.1504013939489729
-0.14551730979246058
-0.14054320845290214
-0.1354221394795434
-0.13012865222757797
-0.12466186008124869
-0.1190316558383766
-0.11325026080962808
-0.1073290251337129
-0.10127768897904921
-0.09510446160968711
-0.08881628620449122
-0.08241909747204956
-0.07591802882531207
-0.06931756965512648
-0.06262168363307685
-0.055833900603643016
-0.0489573958699574
-0.041995076178134805
-0.034949710066983886
-0.0278242022061862
-0.020622362529934768
-0.013351937752330123
-0.006046589786055989
0.005324303137635633
0.01283006199566053
0.0204606678487555
0.02818497170107051
0.035996849205236936
0.04389434922421558
0.05187671246582583
0.05994359787363175
0.06809480703474226
0.0763301673922697
0.08464947989295196
0.09305249746977785
0.10153891965983855
0.11010839577667081
0.11876053229162532
0.12749490182464154
0.13631105220913736
0.14520851478337934
0.15418681150725655
0.16324546078426608
0.17238398203403532
0.18160189914774372
0.19089874299492138
0.20027405315501542
0.20972737903477423
0.21925828051194732
0.22886632822261188
0.23855110358707918
0.2483121986491734
0.2581492157866876
0.26806176733673404
0.2780494751685403
0.28811197022755053
0.2982488920678925
0.3084598883852845
0.3187446145586268
0.32910273320571726
0.33953391375657915
0.3500378320463309
0.36061416992857254
0.37126261490952395
0.3819828598026387
0.39277460240312756
0.4036375451816063
0.4145713949959511
0.42557586282041093
0.43665066349097614
0.4477955154660478
0.4590101406014284
0.4702942639387402
0.4816476135064036
0.4930699201323385
0.5045609172676411
0.5161203408204909
0.5277479289996378
0.5394434221668103
0.5512065626975016
0.5630370948495482
0.5749347646390497
0.5868993197230878
0.5989305092888735
0.6110280839489306
0.6231917956418247
0.6354213975382681
0.6477166439520889
0.6600772902559431
0.6725030928013407
0.6849938088428029
0.6975491964659035
0.7101690145189536
0.7228530225480974
0.7356009807357093
0.7484126498417609
0.7612877911481473
0.774226166405704
0.7872275377837976
0.8002916678223659
0.8134183193862352
0.8266072556216759
0.8398582399149372
0.8531710358528262
0.8665454071850629
0.8799811177884749
0.8934779316327894
0.9070356127480785
0.9206539251936441
0.9343326330283759
0.9480715002825022
0.9618702909305341
0.9757287688655794
0.9896466978747025
1.0036238416154877
1.0176599635936334
1.0317548271415866
1.0459081953980949
1.0601198312887625
1.0743894975074273
1.0887169564983985
1.1031019704394929
1.1175443012258839
1.1320437104546244
1.1465999594099134
1.1612128090490241
1.175882019988883
1.1906073524932648
1.2053885664605488
1.2202254214121293
1.2351176764812397
1.2500650904024067
1.2650674215013602
1.2801244276854185
1.2952358664343322
1.310401494791595
1.3256210693561634
1.3408943462745526
1.3562210812333717
1.3716010294522327
1.3870339456769631
1.4025195841732412
1.4180576987205082
1.4336480426062508
1.4492903686205327
1.464984429050908
1.4807299756775176
1.4965267597685727
1.5123745320760147
1.5282730428314881
1.5442220417425343
1.5602212779890312
1.5762705002198754
1.592369456549866
1.6085178945568206
1.6247155612788866
1.6409622032120765
1.6572575663079423
1.673601395971522
1.6899934370593765
1.7064334338778622
1.722921130181561
1.739456269171857
1.7560385934956741
1.772667845244385
1.7893437659528697
1.806066096598661
1.822834577601336
1.8396489488219103
1.856508949562489
1.8734143185659473
1.8903647940157988
1.9073601135361429
1.9244000141917397
1.9414842324881914
1.9586125043722742
1.9757845652322867
1.9930001498985863
2.010258992644194
2.0275608271854733
2.0449053866829336
2.0622924037421155
2.0797216104145484
2.0971927381988387
2.1147055180417578
2.1322596803395246
2.1498549549390615
2.167491071139378
2.1851677576930406
2.2028847428076865
2.220641754147617
2.2384385188354585
2.256274763453904
2.2741502140475083
2.2920645961245345
2.3100176346588857
2.328009054092094
2.346038578335362
2.3641059307716326
2.382210834257789
2.400353011126831
2.4185321831901527
2.43674807173986
2.455000397551121
2.4732888808846
2.491613241488909
2.5099731986031273
2.528368470959353
2.546798776785308
2.565263833806987
2.583763359251347
2.6022970698490333
2.620864681837163
2.63946591096213
2.6581004724824613
2.6767680811717183
2.6954684513213945
2.7142012967439326
2.7329663307756773
2.7517632662799443
2.7705918156500795
2.789451690812574
2.8083426032301873
2.82726426390514
2.846216383382311
2.8651986717524647
2.884210838655526
2.9032525932838675
2.9223236443856484
2.9414237002681585
2.9605524688011977
2.9797096574204973
2.998894973131157
3.01810812251109
3.0373488117145477
3.0566167464755933
3.075911632111687
3.095233173527218
3.1145810752171164
3.133955041270452
3.1533547753740914
3.1727799808163395
3.1922303604906315
3.211705616899244
3.231205452157014
3.2507295679950934
3.2702776657647172
3.289849446440999
3.3094446106267323
3.329062858556239
3.3487038900991966
3.3683674047645393
3.3880531017043145
3.4077606797176188
3.4274898372545106
3.4472402724199602
3.467011682977814
3.486803766354763
3.5066162196443615
3.526448739611019
3.5463010226940517
3.566172765011715
3.586063662365275
3.6059734102430943
3.625901703824711
3.645848237984967
3.6658127072981213
3.6857948060420034
3.7057942282021594
3.7258106674760265
3.7458438172771205
3.765893370739229
3.785959020720628
3.80604045980831
3.8261373803222174
3.846249474319502
3.8663764335987896
3.8865179497044595
3.90667371393093
3.926843417326973
3.9470267507000196
3.9672234046204977
3.987433069426168
4.007655435226473
4.027890191906912
4.048137029133395
4.068395636356653
4.088665702816623
4.1089469175468505
4.129238969378918
4.149541546946876
4.16985433869167
4.190177032865604
4.210509317536789
4.230850880593625
4.251201409749266
4.271560592546121
4.291928116360353
4.312303668406377
4.332686935741379
4.353077605269857
4.373475363748135
4.393879897788921
4.414290893865854
4.434708038318061
4.455131017354744
4.475559517059728
4.495993223396073
4.516431822210655
4.536874999238766
4.5573224401087264
4.577773830346505
4.598228855380334
4.618687200545344
4.63914855108821
4.65961259217178
4.680079008879741
4.700547486221271
4.721017709135711
4.741489362497231
4.76196213111951
4.782435699760425
4.802909753126735
4.82338397587878
4.843858052635198
4.864331667977609
4.884804506455351
4.905276252590186
4.9257465908810385
4.946215205808717
4.966681781840658
4.987146003435658
5.007607555048633
5.028066121135358
5.048521386157232
5.068973034586035
5.089420750908699
5.109864219632068
5.1303031252876865
5.150737152436569
5.171165985673986
5.191589309634255
5.212006808995523
5.232418168484572
5.252823072881615
5.273221207025096
5.2936122558165
5.313995904225153
5.334371837293051
5.354739740139668
5.3750992979667735
5.395450196063256
5.4157921198099555
5.436124754684484
5.4564477862660565
5.4767609002403335
5.497063782404247
5.517356118670845
5.537637595074137
5.557907897773919
5.5781667130606465
5.598413727360261
5.618648627239045
5.638871099408474
5.659080830730075
5.67927750822027
5.699460819055247
5.7196304505757976
5.739786090292197
5.7599274258890505
5.780054145230166
5.8001659363634
5.8202624875255395
5.840343487147155
5.860408623857468
5.880457586489218
5.900490064083529
5.920505745894773
5.94050432139544
5.960485480281007
5.980448912474805
6.000394308132879
6.020321357648865
6.040229751658858
6.060119181046269
6.079989336946705
6.099839910752822
6.119670594119205
6.139481078967222
6.159271057489899
6.17904022215677
6.198788265718754
6.218514881213016
6.238219761967812
6.257902601607369
6.277563094056733
6.297200933546629
6.316815814618311
6.3364074321284285
6.355975481253866
6.375519657496598
6.395039656688548
6.414535174996416
6.43400590892654
6.453451555329728
6.472871811406108
6.49226637470996
6.511634943154547
6.530977215016968
6.550292888942957
6.569581663951741
6.588843239440847
6.608077315190936
6.627283591370608
6.646461768541235
6.665611547661756
6.6847326300934995
6.703824717604988
6.722887512376734
6.741920717006049
6.7609240345118256
6.779897168339346
6.798839822365055
6.817751700901352
6.836632508701368
6.855481950963741
6.874299733337393
6.893085561926284
6.911839143294191
6.930560184469458
6.949248392949745
6.9679034767067805
6.9865251441911145
7.005113104336844
7.023667066566354
7.0421867407950405
7.060671837436049
7.079122067404974
7.097537142124586
7.1159167735295314
7.134260674071038
7.15256855672161
7.17084013497972
7.189075122874493
7.207273234970383
7.225434186371852
7.2435576927280305
7.261643470237375
7.279691235652335
7.2977007062839885
7.315671600006683
7.33360363526268
7.351496531066774
7.369350007010918
7.387163783268829
7.40493758060061
7.422671120357334
7.44036412448565
7.458016315532363
7.475627416649003
7.493197151596414
7.5107252447493025
7.528211421100801
7.545655406267008
7.563056926491537
7.580415708650042
7.597731480254739
7.615003969458932
7.63223290506151
7.6494180165114525
7.666559033912318
7.683655688026723
7.700707710280825
7.717714832768774
7.734676788257184
7.75159331018957
7.768464132690786
7.78528899057146
7.802067619332412
7.818799755169062
7.835485134975835
7.852123496350554
7.868714577598818
7.885258117738379
7.901753856503504
7.918201534349328
7.9346008924561975
7.950951672734009
7.9672536178265245
7.983506471115687
7.999709976725929
8.01586387952846
8.031967925145553
8.048021859954808
8.064025431093423
8.079978386462445
8.095880474730992
8.111731445340508
8.127531048508962
8.143279035235057
8.158975157302436
8.174619167283852
8.190210818545353
8.205749865250437
8.221236062364204
8.236669165657487
8.252048931710997
8.267375117919416
8.282647482495518
8.297865784474245
8.313029783716797
8.328139240914693
8.34319391759383
8.358193576118518
8.373137979695516
8.388026892378047
8.402860079069805
8.417637305528945
8.432358338372058
8.447022945078146
8.461630893992567
8.476181954330983
8.49067589618328
8.50511249051749
8.519491509183682
8.53381272491786
8.54807591134583
8.562280842987057
8.576427295258526
8.590515044478558
8.604543867870643
8.618513543567234
8.632423850613547
8.646274568971336
8.66006547952265
8.673796364073599
8.687467005358062
8.701077187041431
8.714626693724307
8.728115310946194
8.741542825189168
8.754909023881545
8.768213695401537
8.781456629080866
8.79463761520839
8.807756445033714
8.820812910770753
8.833806805601336
8.846737923678734
8.85960606013122
8.872411011065578
8.885152573570632
8.89783054572073
8.910444726579222
8.922994916201919
8.935480915640557
8.947902526946212
8.960259553172722
8.972551798380088
8.984779067637849
8.996941167028458
9.009037903650626
9.021069085622665
9.033034522085792
9.044934023207439
9.05676740018454
9.068534465246795
9.080235031659916
9.09186891372887
9.10343592680109
9.114935887269684
9.126368612576604
9.137733921215823
9.149031632736481
9.16026156774602
9.171423547913289
9.182517395971653
9.193542935722057
9.204499992036103
9.215388390859092
9.226207959213035
9.23695852519968
9.247639918003497
9.25825196789464
9.268794506231922
9.279267365465733
9.28967037914097
9.300003381899936
9.310266209485212
9.320458698742536
9.330580687623641
9.34063201518908
9.350612521611035
9.360522048176112
9.370360437288108
9.38012753247076
9.389823178370492
9.39944722075911
9.408999506536516
9.418479883733372
9.427888201513767
9.43722431017785
9.446488061164452
9.455679307053686
9.464797901569526
9.473843699582373
9.482816557111589
9.491716331328035
9.500542880556555
9.509296064278477
9.517975743134063
9.526581778924962
9.535114034616633
9.543572374340743
9.55195666339757
9.56026676825834
9.5685025565676
9.576663897145519
9.584750659990206
9.59276271628
9.600699938375719
9.60856219982291
9.616349375354078
9.624061340890883
9.631697973546325
9.639259151626906
9.646744754634774
9.65415466326984
9.661488759431883
9.668746926222624
9.675929047947799
9.683035010119173
9.690064699456583
9.697018003889918
9.703894812561105
9.710695015826053
9.717418505256598
9.724065173642408
9.730634914992875
9.737127624538992
9.743543198735193
9.749881535261189
9.756142533023763
9.76232609215857
9.768432114031897
9.774460501242391
9.780411157622801
9.78628398824166
9.792078899404977
9.79779579865788
9.803434594786266
9.80899519781839
9.814477519026491
9.819881470928328
9.825206967288741
9.830453923121189
9.835622254689229
9.840711879508019
9.845722716345765
9.850654685225175
9.855507707424854
9.860281705480713
9.864976603187339
9.869592325599339
9.874128799032674
9.878585951065963
9.882963710541766
9.887262007567843
9.891480773518392
9.895619941035276
9.899679444029207
9.903659217680916
9.90755919844231
9.911379324037602
9.915119533464399
9.918779766994806
9.922359966176469
9.925860073833617
9.929280034068084
9.932619792260294
9.935879295070224
9.939058490438368
9.94215732758665
9.945175757019326
9.948113730523866
9.95097120117181
9.953748123319604
9.956444452609407
9.959060145969877
9.961595161616952
9.964049459054573
9.966422999075421
9.968715743761607
9.970927656485353
9.97305870190964
9.975108845988846
9.97707805596935
9.978966300390134
9.980773549083331
9.982499773174789
9.984144945084592
9.985709038527585
9.987192028513855
9.988593891349238
9.9899146046358
9.99115414727233
9.992312499454876
9.993389642677329
9.99438555973213
9.995300234711237
9.996133653007506
9.99688580131703
9.997556667643371
9.99814624130617
9.998654512960526
9.999081474646529
9.99942711993782
9.999691444500252
9.999874449089013
9.999976171427477
