-0.7530438655515059
-0.7365967392472594
-0.7203169194615491
-0.7042050450696777
-0.6882617483267239
-0.6724876548860053
-0.6568833837612367
-0.6414495473031181
-0.6261867511745507
-0.6110955943255529
-0.5961766689700507
-0.581430560563776
-0.5668578477819022
-0.5524591024954209
-0.5382348897472315
-0.5241857677302253
-0.5103122877662756
-0.49661499428493094
-0.4830944248019211
-0.4697511098978815
-0.4565855731973514
-0.44359833134818416
-0.4307898940014976
-0.4181607637921161
-0.40571143631893136
-0.3934424001251511
-0.38135413667867724
-0.369447120353005
-0.35772181840869166
-0.3461786909752895
-0.3348181910334649
-0.3236407643972594
-0.31264684969652023
-0.30183687835959283
-0.29121127459640306
-0.2807704553819231
-0.2705148304399175
-0.2604448022268791
-0.2505607659161097
-0.2408631093819658
-0.2313522131835204
-0.22202845053143833
-0.21289218699408144
-0.2039437769082916
-0.19518352587399257
-0.18661137621330937
-0.1782248768368957
-0.1700097851412046
-0.16191294182942248
-0.1538086218826901
-0.1455219805290792
-0.13691949043729176
-0.12795471793635502
-0.11863832158488577
-0.10899955338735667
-0.09906845300199005
-0.08887111623484856
-0.07842936805408662
-0.0677613600674487
-0.05688211235441898
-0.0458037909298632
-0.034535656216267085
-0.02308335116225102
-0.011445615375468066
0.005767621019781899
0.01812391506171629
0.030432316565821793
0.042922026195398644
0.05561244757566186
0.06850984858244402
0.08161721963297452
0.09493588156427535
0.10846600698159214
0.1222069406906865
0.13615745516914401
0.15031595583859492
0.1646806368826912
0.17924959218118097
0.19402088954629093
0.20899261735130992
0.22416291168974034
0.2395299705079701
0.25509205941829727
0.2708475124401737
0.2867947298145417
0.30293217425736785
0.31925836649408623
0.3357718805759333
0.35247133926402263
0.369355409634494
0.3864227989783995
0.40367225102325577
0.4211025424767829
0.43871247987910067
0.456500896742714
0.4744666509567459
0.49260862243163217
0.5109257109612173
0.5294168342808483
0.5480809263018482
0.5669169355044765
0.585923823473486
0.6051005635619422
0.6244461396704732
0.6439595451306559
0.6636397816822939
0.6834858585356667
0.7034967915105472
0.7236716022449396
0.7440093174670412
0.7645089683246304
0.7851695897668787
0.8059902199738378
0.8269698998295318
0.8481076724348586
0.8694025826570684
0.8908536767125899
0.9124600017806852
0.9342206056452831
0.9561345363628462
0.9782008419541679
1.0004185701183168
1.02278676796697
1.0453044817776718
1.0679707567645433
1.0907846368652425
1.1137451645429337
1.1368513806022342
1.1601023240181654
1.1834970317771543
1.207034538729335
1.2307138774513202
1.254534078118768
1.2784941683881126
1.3025931732868319
1.3268301151117345
1.3512040133347405
1.3757138845156671
1.4003587422216217
1.4251375969525668
1.4500494560727226
1.4750933237473873
1.500268200884923
1.5255730850836162
1.5510069705830034
1.5765688482196047
1.602257705386652
1.6280725259976414
1.6540122904535668
1.6800759756135033
1.7062625547684984
1.7325709976184758
1.7590002702520824
1.785549335129275
1.812217151066534
1.8390026732245506
1.8659048530982716
1.8929226385091855
1.9200549735997825
1.947300798829973
1.974659050975486
2.002128663128107
2.029708564697687
2.057397681415778
2.085194935340926
2.1130992448654666
2.141109524723789
2.169224686001992
2.1974436361489014
2.2257652789883293
2.254188514732621
2.282712239997319
2.3113353478170042
2.3400567276621826
2.3688752654572713
2.397789843599509
2.4267993409789
2.455902632999054
2.485098591598918
2.514386085275345
2.5437639791065845
2.573231134776422
2.602786410599232
2.6324286615456813
2.6621567392691947
2.6919694921331097
2.721865765238478
2.75184440045256
2.781904236437895
2.8120441086820227
2.842262849527782
2.8725592882041644
2.9029322508577433
2.9333805605846264
2.9639030374629396
2.994498498585809
3.0251657580948503
3.055903627214099
3.086710914284465
3.1175864247985787
3.1485289614361145
3.1795373240995453
3.2106103099502796
3.241746713445238
3.272945326373825
3.304204937895257
3.3355243345763146
3.3669023004294028
3.3983376169510358
3.4298290631606125
3.461375415639588
3.492975448570922
3.524627933778908
3.5563316407692858
3.588085336769688
3.61988778677037
3.651737753565258
3.6836339977932813
3.7155752779799913
3.747560350579459
3.7795879700164523
3.8116568887288667
3.8437658572104443
3.875913624053725
3.9080989359932587
3.9403205379490833
3.9725771730704054
4.0048675827795615
4.037190506816177
4.069544683281573
4.101928848683402
4.134341737980484
4.1667820846278625
4.199248620622086
4.231740076546687
4.264255181617852
4.296792663730318
4.329351249503435
4.361929664327432
4.394526632409887
4.427140876822353
4.459771119547179
4.492416081524506
4.525074482699446
4.557745042069405
4.590426477731599
4.623117506930733
4.655816846106811
4.688523210943135
4.721235316414452
4.753951876835222
4.78667160590808
4.819393216772412
4.852115422053067
4.8848369339092335
4.917556464083431
4.950272723950638
4.982984424567561
5.015690276721993
5.048388990982363
5.08107927774732
5.113759847295512
5.146429409835434
5.179086675555406
5.2117303546736435
5.244359157488466
5.276971794428564
5.309566976103414
5.342143413353756
5.374699817302176
5.407234899403798
5.439747371497039
5.472235945854465
5.504699335233726
5.537136252928584
5.5695454128200055
5.601925529427325
5.634275317959511
5.666593494366472
5.698878775390435
5.731129878617406
5.763345522528674
5.795524426552381
5.827665311115162
5.859766897693806
5.891827908867001
5.92384706836712
5.955823101132035
5.987754733356998
6.019640692546536
6.051479707566422
6.083270508695636
6.115011827678391
6.146702397776176
6.178340953819818
6.209926232261598
6.2414569712273344
6.272931910568547
6.304349791914591
6.335709358724824
6.367009356340774
6.398248532038323
6.429425635079895
6.460539416766633
6.491588630490586
6.522572031786899
6.553488378385969
6.584336430265637
6.615114949703306
6.645822701328109
6.676458452173012
6.707020971726918
6.737509031986737
6.767921407509437
6.798256875464071
6.828514215683751
6.85869221071761
6.888789645882714
6.918805309315925
6.9487379920257535
6.978586487944121
7.008349593978108
7.038026110061624
7.067614839207049
7.097114587556787
7.126524164434791
7.155842382397992
7.185068057287689
7.214200008280844
7.243237057941337
7.272178032271103
7.3010217607612375
7.3297670764429785
7.358412815938632
7.386957819512401
7.415400931121123
7.443740998464921
7.4719768730377485
7.5001074101778435
7.528131469118075
7.556047913036201
7.583855609104986
7.611553428542246
7.63914024666075
7.666614942918022
7.6939764009660205
7.721223508700686
7.748355158311373
7.7753702463301515
7.8022676736809835
7.829046345728744
7.855705172328131
7.882243067872413
7.908658951342054
7.934951746353173
7.961120381205871
7.9871637889323885
8.013080907345124
8.038870679084491
8.064532051666603
8.09006397753081
8.11546541408705
8.140735323763057
8.165872674051364
8.190876437556167
8.215745592039966
8.240479120470072
8.265076011064894
8.289535257340047
8.31385585815429
8.338036817755231
8.362077145824887
8.385975857524993
8.409731973542144
8.433344520132716
8.456812529167596
8.480135038176675
8.50331109039315
8.526339734797599
8.54922002616185
8.571951025092593
8.594531798074815
8.616961417514977
8.63923896178396
8.661363515259787
8.683334168370115
8.705150017634464
8.72681016570623
8.74831372141444
8.769659799805256
8.79084752218324
8.811876016152361
8.832744415656741
8.853451861021153
8.873997498991244
8.89438048277351
8.91459997207499
8.9346551331427
8.954545138802795
8.974269168499443
8.993826408333447
9.013216051100555
9.03243729632952
9.051489350319848
9.070371426179275
9.089082743860942
9.107622530200297
9.12599001895167
9.14418445082458
9.162205073519722
9.180051141764663
9.197721917349226
9.215216669160558
9.23253467321792
9.249675212707118
9.266637578014652
9.283421066761539
9.30002498383681
9.316448641430686
9.332691359067445
9.34875246363793
9.364631289431765
9.380327178169203
9.395839479032679
9.41116754869798
9.426310751365127
9.441268458788874
9.456040050308891
9.470624912879588
9.485022441099598
9.499232037240917
9.513253111277672
9.527085080914555
9.540727371614894
9.55417941662838
9.567440657018395
9.58051054168904
9.593388527411735
9.606074078851506
9.618566668592868
9.630865777165363
9.642970893068712
9.654881512797608
9.666597140866116
9.678117289831714
9.689441480318946
9.700569241042695
9.711500108831084
9.72223362864798
9.732769353615124
9.743106845033866
9.75324567240652
9.763185413457323
9.772925654153008
9.782465988722972
9.791806019679068
9.800945357834989
9.809883622325255
9.81862044062381
9.827155448562202
9.835488290347387
9.843618618579102
9.851546094266858
9.85927038684651
9.866791174196438
9.8741081426533
9.881220987027396
9.888129410617609
9.894833125225936
9.901331851171626
9.907625317304866
9.913713261020101
9.919595428268897
9.925271573572427
9.930741460033499
9.936004859348218
9.941061551817183
9.945911326356304
9.950553980507188
9.95498932044711
9.959217160998586
9.96323732563852
9.967049646506974
9.970653964415526
9.974050128855275
9.977237998004496
9.980217438735998
9.982988326624294
9.985550545952702
9.98790398972069
9.990048559652038
9.991984166204968
9.993710728586882
9.995228174779914
9.996536441593923
9.997635474796652
9.998525229498549
9.999205671592872
9.999676785473078
9.99993865610256
