1.4997882554160145
2.4989766059903715
3.4878075474793455
4.38210990587008
4.950504080023708
5.107109600955427
5.083137112111126
5.047711712904177
5.02637245490388
5.01158156687422
4.998181432751047
4.983906428404818
4.967744003660904
4.949571516606729
4.930322019056868
4.912087561744482
4.897662189525132
4.889334833425751
4.887484622137892
4.8900262625545645
4.893170746928206
4.892868705087194
4.886054765255773
4.8714935572689075
4.850505735177361
4.827384689713502
4.808371335892406
4.798365134699525
4.797179558845013
4.798981354037593
4.795801759777142
4.782256741009222
4.758865703213369
4.732758521990017
4.71398747270823
4.7076445523614305
4.7085280615255165
4.705073685604748
4.689123131416575
4.663155919638272
4.639585000532238
4.630294136298653
4.634210455007588
4.637976069007422
4.6300186445494775
4.612354091103388
4.598964022106897
4.601235196437807
4.614854040840091
4.6245906157619325
4.620723821235943
4.608345669483296
4.601748898773535
4.6091087973679565
4.623417920070387
4.630634272128254
4.624529603274797
4.61251855348307
4.608095702594333
4.616600684824581
4.62949033512634
4.634008271783926
4.626326046898802
4.615003847027564
4.61235750098009
4.621450635012894
4.632886208156424
4.635190469786379
4.626408994342166
4.615785943849554
4.614473870259392
4.623725034026071
4.633670337768414
4.634067664213338
4.6245581688745
4.614856657123327
4.6149390570482565
4.624414310542736
4.633100699850462
4.632007044171494
4.622278320504955
4.613936921882224
4.615655308650554
4.625463536760781
4.633056923609474
4.6307942042766665
4.621222088107764
4.61443103764759
4.617672435373398
4.627581360504088
4.633994235296026
4.63065730500782
4.621306578530063
4.615861918634939
4.620182351950111
4.629806600211026
4.634929506055592
4.6306103678452315
4.621529535210666
4.617271684047557
4.622401851143036
4.631616308889051
4.635583853841643
4.630557885334583
4.62194251448578
4.6188606506030885
4.624680821868926
4.633468384634765
4.636445903103296
4.63093681276358
4.622867271856207
4.620814963212599
4.627091619589537
4.635342037545152
4.637386761011097
4.6314727474651605
4.623871958111622
4.622593275799736
4.629056113876455
4.6366510393423
4.637789956854051
4.631504850136437
4.624296575927697
4.623622852521317
4.63014026919048
4.637081497601778
4.637428124330828
4.630911999327962
4.624199674725837
4.624202071326627
4.630873162340934
4.637339275796254
4.6371475940763
4.630675119403423
4.624681272177568
4.625499011963363
4.632429696874021
4.638567100189119
4.638025928037329
4.63173662059483
4.626446665280076
4.627918358271879
4.634935359716133
4.640670100492839
4.639765154229026
4.633560753102594
4.628706344794691
4.630480867846605
4.637331068888267
4.642583800146229
4.641313998370081
4.63512363813104
4.630519381875035
4.6324009748751065
4.6390134188994345
4.643857864033584
4.642343301863017
4.6362278221806825
4.631859391516265
4.633837344153606
4.640288438123392
4.644890324486328
4.6433151308859895
4.637402962700562
4.6333276602557785
4.6354418030351
4.641820107585726
4.646325238040669
4.644832129008349
4.639185080327622
4.635360581784571
4.6375270791086844
4.643796965387874
4.648240398698641
4.646867638058451
4.641437743602921
4.637712731497662
4.6397615427625825
4.645838881049459
4.650240463497436
4.649032504135748
4.643795146783085
4.640060049612819
4.6418756800674625
4.647731235306162
4.652159726018479
4.651209150103683
4.646193930683027
4.642394446809782
4.643901516372421
4.649521720454894
4.654046389475784
4.653448953053841
4.648699780543982
4.644798044316588
4.645923131135873
4.6512776665189675
4.65594630911435
4.655788927156678
4.65135743167814
4.647326094629921
4.647990278429988
4.653023932860786
4.65785651569247
4.658214725310378
4.654162026407375
4.649989064265626
4.650112989771309
4.654748835748371
4.659740054234183
4.6606838709508835
4.657092652277848
4.652798306975964
4.652317825366876
4.656465177718936
4.661584346274809
4.663175352203006
4.6601493387854225
4.6557887927857
4.654656342207459
4.658204871768919
4.663382116388374
4.66565777001465
4.66331180392554
4.65897505194272
4.657166093893369
4.659989737500427
4.665111648920221
4.668076571014819
4.666532823954419
4.662352613966565
4.659882879216274
4.661854152436222
4.666764523838396
4.6703798053235674
4.669757535661326
4.665911027028852
4.662851783287386
4.663858437002172
4.668360801928264
4.672530274091911
4.672928159101995
4.669630922921964
4.66612154975409
4.666087038934694
4.6699520505559216
4.674507362585023
4.6759771663540075
4.673465470710398
4.669718740977111
4.6686250489878836
4.6716060586049615
4.676296327775582
4.678813084518703
4.677318222474304
4.6736217184138695
4.671540596852997
4.673408066334246
4.677906139757378
4.6813428016635195
4.681058245102153
4.677765632351135
4.674889295264143
4.675479160979015
4.679404764996298
4.683511104138251
4.68454675430443
4.682046384044156
4.678702084636557
4.677968649573764
4.680930356526557
4.685323768451522
4.687652242323164
4.686310690685357
4.682949641418806
4.6810148436713925
4.682674613176285
4.6868567373903005
4.690265380910924
4.690351712295336
4.687507025580046
4.6846955665869325
4.684855491099211
4.688269979905437
4.6923383776816605
4.693940642073221
4.69214987206579
4.68899058818162
4.687684709610135
4.6898193200854115
4.6939399199280665
4.696888395556358
4.696579177661182
4.693748754172514
4.691307021023424
4.691828144913569
4.695287740989587
4.699112876729388
4.700469170346469
4.698669770472657
4.695719545744652
4.694611349354339
4.696743575547601
4.7007063142178165
4.703551937394539
4.703334439677765
4.7007094254202935
4.698366298794216
4.698755968746493
4.701980437294567
4.705729391202471
4.707297591230042
4.705844270343013
4.703054392133851
4.701734746522634
4.703446788110267
4.707176110005766
4.710236018547343
4.7105476243812605
4.708324841429686
4.705875752632564
4.705698237336107
4.708380229648855
4.712118059725714
4.714271806628525
4.71354403903284
4.71099901510458
4.709188796145635
4.710058576719984
4.71332364705638
4.7167350680129285
4.717969800680025
4.716497298867624
4.713974542430621
4.7129112484500055
4.714620509178305
4.718138336306696
4.721053057994798
4.7214833802989045
4.7195520459614775
4.717266705215036
4.716920211065434
4.719230979378467
4.722767517244661
4.7251472451839875
4.724945811101322
4.722785509164049
4.720834135712979
4.721093368305284
4.72378985201581
4.727210253758098
4.729105427280421
4.728453956103875
4.7262229894693535
4.724611614796372
4.725330629237797
4.728242756690616
4.731494430226115
4.733005522149161
4.732067869531441
4.729858113104545
4.728533284432683
4.729560778966892
4.732567026146636
4.735655825765998
4.736905398423773
4.735818395624491
4.733670903019795
4.732545989127705
4.733739544600613
4.7367575708222365
4.7397244877822144
4.740840235941872
4.739716299222868
4.737640463750383
4.736615103541174
4.737844536878243
4.740816228174238
4.743717422599389
4.7448234765127815
4.74375955530838
4.741752250088907
4.740726212856847
4.741870984532064
4.744745988757045
4.747635963967954
4.7488485105905776
4.747937021811323
4.746000403847377
4.744884672757675
4.745829889753148
4.748550049328247
4.75146644979646
4.752889655951233
4.752227967113828
4.750385658885337
4.749113870365305
4.74974898626235
4.75223557596265
4.755184092917597
4.756902685708695
4.756597902681273
4.754908867701981
4.753451463292967
4.753675422404498
4.755821711376726
4.758760783286738
4.760826494073579
4.760992015961737
4.75955991080696
4.757941548896059
4.757677597208829
4.759350703650761
4.762178163580258
4.764589010855485
4.7653291347807025
4.76430260994701
4.762620214089374
4.761841911364142
4.762899264872316
4.765446640467311
4.768121369462231
4.769501241849033
4.769058487768442
4.767492790424512
4.766258716498142
4.766584080462509
4.768628149299487
4.771383665819263
4.773385619393174
4.773696177768309
4.772504785002557
4.770992271229563
4.770551775277502
4.77185495130583
4.774401819226739
4.776876993822254
4.7780380072141035
4.777515581255137
4.776034570056385
4.774942305131969
4.775329197288871
4.777306252496228
4.779942415540788
4.781897674957286
4.782293274963223
4.781254652967065
4.779820736151902
4.779282638934427
4.780349523289389
4.782688480072714
4.785157629477067
4.7865552888909155
4.786371953649679
4.7850908910677115
4.783881894281971
4.783867674592185
4.785407953811253
4.787875369455769
4.790073307498315
4.790995451026681
4.790434163917275
4.789093052862619
4.788154629911286
4.788549300773896
4.790371916076525
4.792831831384993
4.7947630169132225
4.795342020244796
4.794570194384409
4.7932616597992705
4.792553809534572
4.793215234615343
4.795173132053759
4.797569658875861
4.799300698065269
4.799677368419455
4.798817932939938
4.797569321713996
4.797008021036351
4.7977966478457015
4.799785007455753
4.802112755060258
4.803737224216745
4.804043364840137
4.8031849713157335
4.801988223815237
4.801474646133542
4.8022625747355105
4.804202528502609
4.806477098923786
4.808092528353469
4.80844841002646
4.807664108696605
4.806503539474224
4.8059433537047695
4.806613161698324
4.808431609051792
4.810663640626397
4.812355414760267
4.812872281736632
4.812238534299375
4.811115157742915
4.810434137587339
4.810877076186825
4.812489208002626
4.814661663440823
4.8164873921697415
4.817266519262033
4.816876810314097
4.81582935544176
4.814991161502817
4.81511277643004
4.81641289221837
4.818461902788601
4.820431645939881
4.821553031431393
4.821520170048743
4.820640535978554
4.819669141233244
4.819408434245667
4.8202759360665235
4.822079598133257
4.824131910105158
4.825628200502588
4.826068160604678
4.825504047135038
4.824506706704367
4.82387067791274
4.824199148897644
4.825584769364395
4.8275664683323605
4.829383526730269
4.830374547810708
4.830306939289619
4.829484111001451
4.828589992071647
4.828343288597653
4.829128018817069
4.83079630283057
4.832753516318536
4.8342717295853515
4.834854878923911
4.834474530267103
4.83357649954389
4.832861106365111
4.832935914656057
4.834009674175636
4.8357903113617615
4.837641491198083
4.838905320888627
4.839219422427656
4.83868163060263
4.83779807386572
4.837240438208463
4.837519834640737
4.838735438278535
4.840530286433574
4.8422754589510095
4.843378374975522
4.843558566867668
4.842970029024707
4.842125565550892
4.841657127701119
4.842016181703063
4.843257356847632
4.845017149401104
4.846696073728988
4.847744190924292
4.847909632036002
4.847345031039997
4.846534734263924
4.846074406753905
4.8463960426907065
4.847566315434482
4.849259807297231
4.850918467186112
4.852011308742851
4.852268846746716
4.85179474935448
4.851016163445893
4.850494653859412
4.850674552458608
4.851681083283053
4.8532665946243405
4.854930284441911
4.856147244170167
4.856596324930528
4.856291624105567
4.855571566924828
4.854952995720717
4.854907035463187
4.855651337052102
4.857055380683659
4.85870436079414
4.8600867618072385
4.860814108986015
4.8607788497167315
4.860193254627052
4.859499222531752
4.8591831767033105
4.859568863147055
4.860678466157494
4.862227120104989
4.863751297128547
4.864807125185237
4.865150368018605
4.864829407469848
4.864161931370911
4.863605901033719
4.863572031407253
4.864252793675347
4.86554341297272
4.8670908675407265
4.86844522502553
4.869242809718791
4.869346228512305
4.868892856484338
4.868238780198063
4.867818606103525
4.867971839417398
4.868805452230201
4.870152798134821
4.871646435281297
4.87286918214112
4.8735168020669635
4.8735100144766985
4.873019947919676
4.87240164188348
4.872058422669417
4.872285277662915
4.8731530784336785
4.874483244094608
4.875922857110226
4.877084799561952
4.87769347019678
4.877682638625215
4.877215551520659
4.876623551099783
4.876283513938636
4.87647612844123
4.877279150246299
4.878539960539263
4.879938227459905
4.881109706625133
4.881779691233292
4.881857982425682
4.881466826441215
4.880895803751495
4.880498327184698
4.8805634708346215
4.8812095872737995
4.882342055761334
4.883692133606672
4.884918871226079
4.885731755181811
4.8859894215211135
4.885744248793951
4.885222023247237
4.884743879857764
4.8846144466396195
4.885013824874635
4.885933844606003
4.887183828701725
4.888462269203354
4.889464228245511
4.889984107925765
4.889980819487943
4.889588198015632
4.889069541567033
4.888729695358846
4.888811596646823
4.8894126940936085
4.8904526002172695
4.89170414124658
4.892874177026024
4.893702475876783
4.894044594690232
4.893914804775578
4.893479151349398
4.893001750927222
4.892759428201202
4.892950601860486
4.8936294033232635
4.894689276616722
4.895901662220518
4.896993774081502
4.8977365354781055
4.898014224539513
4.897857078580049
4.897430009125164
4.896981308161949
4.8967652122197896
4.896961131063928
4.897616211625406
4.8986317197133635
4.899797680218438
4.900861898692609
4.901608476282133
4.901921188266908
4.901815189812415
4.901430565365412
4.900990260318517
4.900733267210717
4.900841687396508
4.901384515553439
4.902297354419628
4.903404892158387
4.904477157962615
4.9052994370702
4.905733868623535
4.905756477629712
4.905461818044133
4.905035207495982
4.904699505474855
4.90465014042272
4.904997161027787
4.905732902453557
4.906736115489381
4.907810462293682
4.908743451978767
4.909366739518168
4.909601070260209
4.90947567024893
4.909118818067111
4.908722343771568
4.908488460720175
4.908572660994312
4.909039292880264
4.909843938791168
4.910848169862894
4.911861051281328
4.912693355396208
4.913208267440768
4.913355788039683
4.913183841713465
4.912824653445764
4.912459738032689
4.912271485243621
4.912393568720063
4.912874283690571
4.913664121528187
4.914631288955353
4.915599555655723
4.91639617008393
4.916896162214445
4.91705239762377
4.9169056022744835
4.916573139609041
4.916219212017649
4.916012939549095
4.916084343481567
4.916490124221071
4.917199326158291
4.918103115067808
4.919045124120511
4.919862711399365
4.920427463799042
4.920675230480066
4.920619861954604
4.920348721924796
4.920001298318573
4.919735280522929
4.91968753452955
4.9199396565908105
4.9204976019721505
4.921291281836736
4.9221939170132165
4.923054943872005
4.923736968456618
4.924147506972291
4.9242589386254
4.924113442422521
4.923812599482572
4.923493817700867
4.923298212940923
4.923336969927415
4.923664512130542
4.924265758458228
4.925060974092626
4.925926474128402
4.9267249579113574
4.927337311421259
4.927688538866779
4.927762942039232
4.9276063688275284
4.927315610479829
4.9270169749430615
4.926838060728856
4.926878669793846
4.92718779160253
4.927752658689265
4.928502763315186
4.929327433844339
4.9301018752322
4.93071490233729
4.931092164519568
4.931210615554882
4.931102199990846
4.930846585320664
