1.499788255416013
2.4989766059903724
3.4878075474793513
4.382109905870071
4.950504080023702
5.1071096009554235
5.083137112111112
5.047711712904158
5.026372454903823
5.011581566874034
4.998181432750548
4.983906428403416
4.967744003657009
4.9495715165961665
4.930322019028988
4.912087561673118
4.897662189347509
4.889334832992273
4.88748462108898
4.890026260012512
4.893170740729417
4.892868689918237
4.886054728342124
4.871493469103581
4.8505055313327965
4.8273842379043215
4.808370376178538
4.79836315763108
4.797175533190614
4.798973140802631
4.795785001508173
4.782223134035981
4.758801050565206
4.732641393504478
4.713787620346962
4.707315980096165
4.707992344201045
4.704202280629182
4.687746581089364
4.661130890116169
4.636886817547824
4.626994808159941
4.630298972820985
4.633283973589451
4.624487699357449
4.606444098926261
4.5936109057729375
4.597072824550759
4.611582565631022
4.621443179699655
4.617448267212882
4.605564051140753
4.600267112961542
4.6088523417501115
4.623344212465806
4.629746795531219
4.622766020033988
4.610712007079213
4.607050398070527
4.616137249271677
4.6285913517437525
4.631877646310307
4.623185648279257
4.611933599626406
4.6102312552105955
4.619968223288226
4.630892407641812
4.631912040883459
4.622280944591663
4.612116713534508
4.612121543688129
4.622117155181788
4.631407002959289
4.630396682663696
4.62017120426827
4.61127486992468
4.612917272519283
4.623049848136531
4.630784752708993
4.628088915766307
4.6177392534225845
4.610450966034906
4.613786771002571
4.623972087058001
4.630205552856229
4.6261313981933
4.616072988998112
4.610618840756326
4.6155570818905165
4.625618476411905
4.630398899781949
4.625265990878248
4.615829306743562
4.6122236768719205
4.618450121495437
4.628088651019192
4.631405733223516
4.625402471877915
4.616634609237093
4.614546008263687
4.6215119297883165
4.63034566280224
4.632142115134043
4.625349629544702
4.617171209086113
4.616252775493321
4.6235506847711445
4.631388544802822
4.631740986432756
4.624338780867373
4.616832913823098
4.617009121361861
4.624534772598939
4.631416461314861
4.630555370278806
4.622874960140411
4.616320948554939
4.617725448530929
4.625537864058339
4.631604868991466
4.629824560958862
4.622222186787006
4.616848986746798
4.619486735873755
4.627491545832728
4.632746585037769
4.63018329965426
4.6227668475018175
4.618459943723662
4.622000013765962
4.629874319493446
4.634183925538524
4.6308450451405285
4.623564951309706
4.620087463371069
4.624195459971761
4.631721458187009
4.6350811684871
4.6310786699201705
4.6239953496344235
4.621277789698331
4.6258380474934855
4.633000169229184
4.6355414160295325
4.631069464192385
4.624312396253959
4.622360240218875
4.627319515732031
4.634121767857961
4.635944364263251
4.6311291072998015
4.624744786928704
4.623485402450878
4.6287269335314045
4.63511812415433
4.636264503619668
4.631173922660389
4.625167306023137
4.6245235414106105
4.629963150926749
4.63593942605608
4.63649471180667
4.631234226043717
4.625652609599449
4.6255992423514884
4.631204825953102
4.636799279091622
4.6368627051811755
4.631530373960033
4.626399716764407
4.626888380612137
4.632612144026697
4.637848167478961
4.637505742014899
4.632175040360708
4.627489378064726
4.628447811205683
4.634236015978107
4.6391408979004884
4.638473838009613
4.633192888641619
4.628907243844431
4.630230717264267
4.636015136061583
4.640610892974123
4.639688044816568
4.634480606905514
4.630526827788307
4.632106028977209
4.6378331911233435
4.6421596467450374
4.641055775158958
4.635939407550077
4.6322431508024176
4.633971966685177
4.639595950911663
4.6436924894324125
4.642469567010741
4.637445789975995
4.633928005492459
4.635712094620923
4.641205812504787
4.645126332355189
4.643856380222571
4.638941886467623
4.635550654743162
4.637328736106287
4.642690222283407
4.646498739644666
4.645254004113136
4.640465544428063
4.637153148793615
4.638867964261077
4.644092785895939
4.647844579581913
4.646689253178164
4.642043261935772
4.638770179480135
4.640375144619427
4.645465972007291
4.649220052160999
4.648223202807165
4.643744347692806
4.640478877009767
4.6419284135125505
4.646880349535676
4.6506843694769815
4.649905513261191
4.64561145647788
4.642313201852582
4.643547333244761
4.648337174715008
4.652223329330517
4.651714827483112
4.647623895975828
4.644254677627171
4.645210438293497
4.649806615283894
4.653800359953884
4.6536165489050045
4.649757835902965
4.646290668422029
4.646906518247904
4.651267609236947
4.6553826390927044
4.655575173499336
4.651986591013217
4.648405929898023
4.64862180196315
4.6526948585673695
4.6569310807038615
4.6575497462733795
4.654283840119562
4.6505954037144335
4.650362481710632
4.654088811700699
4.658433824558668
4.659526582058605
4.6566517517935955
4.652884850663558
4.652166268719101
4.655477670044486
4.659898829597517
4.661503089150844
4.659097620424743
4.655303276122323
4.654074327683536
4.656891391325646
4.661330290429724
4.663465776621688
4.661613158258398
4.657864413209267
4.656116267967594
4.65835022955379
4.662719002383294
4.665380635302779
4.664164971317524
4.66055977140651
4.658309321413071
4.6598720048610325
4.664056462628482
4.667210945935577
4.66671353500076
4.663378006866484
4.660678771828846
4.661493822530431
4.665355636082367
4.668932905023226
4.669220104738621
4.666302322513505
4.663248678471699
4.663260817549619
4.6666403397753315
4.670524676200374
4.671633381791309
4.669294734069918
4.666027239328538
4.66521806520708
4.667946410073986
4.671974112023416
4.67389835298949
4.67230205842821
4.669010097928364
4.667415458084964
4.669331900772357
4.673292611906701
4.675967873872162
4.675259853828676
4.672175902460444
4.669900412572668
4.670874566356903
4.6745194398261
4.6778087587749075
4.678093298643511
4.675478663505688
4.672705690121057
4.672664167561667
4.675723299693607
4.679408020992881
4.680718761698995
4.678837884873717
4.675829758922751
4.674783920119835
4.676995151158033
4.68077647186915
4.683048740603696
4.682135189488954
4.679223253736786
4.67729715803691
4.678449846461145
4.68196917612072
4.685020805758907
4.685236418318326
4.6827944799806795
4.6802411809983795
4.680225698855521
4.6831021897151945
4.686625058448322
4.688012243522534
4.686407365764661
4.683601581103876
4.682454542511901
4.684340928849811
4.68791415945912
4.690353807331161
4.6898813562002815
4.6872858035877165
4.685223045887236
4.685879010424425
4.689014831725236
4.692204639844028
4.693016620084565
4.691118299718264
4.68853937853633
4.687908026757449
4.690131474027755
4.693597672916279
4.695636941911291
4.694855079015736
4.692304071129723
4.6905695622779975
4.691525142800788
4.694681450249678
4.69764320489552
4.698222888739734
4.696299446825463
4.693899980537237
4.693464341338583
4.695723036600334
4.699067299513244
4.700982806245376
4.700209823017892
4.697782839108803
4.696147714982405
4.697070389266767
4.700105667554449
4.703007358263139
4.703680008084651
4.701932432237473
4.6996170281504925
4.699069696733903
4.701112743219448
4.704354294690362
4.706412016443094
4.705932296184683
4.703693437871142
4.701948716050552
4.702534879276227
4.705306899584544
4.708281007522481
4.709337728370851
4.707975020231875
4.705699768888227
4.7047802771620315
4.706345355484518
4.709432603046605
4.711827718484146
4.711922734588158
4.710015004537414
4.708050133789461
4.70802208399063
4.710307438153165
4.713361140046033
4.715031714023019
4.714327048550147
4.712195804891426
4.710752255819225
4.711544712612282
4.714270433354351
4.717046692279388
4.717980720263606
4.7166902993834166
4.71459058580186
4.713753747510642
4.715218751809114
4.718139184962208
4.7205027360145895
4.72077628622702
4.719112606439041
4.717214681162747
4.716974730690913
4.71893892498377
4.721870056697294
4.723776771308563
4.723510820333885
4.721652705737004
4.720045660674017
4.720332623332343
4.722632580517152
4.725457594633658
4.726928685452255
4.726255963907966
4.7243346939640585
4.723041707961285
4.723755856082759
4.726257007507133
4.728918763899069
4.730015753540882
4.729059908450865
4.727158619680274
4.726155925102544
4.72718961748826
4.729792387873458
4.73228018094561
4.7330851193929275
4.731950769475717
4.730111512738879
4.729345818873383
4.730596216517933
4.733233603916561
4.7355689192182755
4.736171007204812
4.734941830807801
4.733175933357099
4.732577999127684
4.733952293493862
4.736582794929228
4.7388066782592615
4.739294750920799
4.738036803266065
4.736335918224216
4.735830048151455
4.737245522793818
4.739844096518195
4.74200688006095
4.742466179287046
4.741234010653261
4.739580537440253
4.739090843381795
4.7404719512309
4.743020539199636
4.745173535006659
4.74568492267703
4.744528721089827
4.742905307969814
4.742360174998761
4.7436345655404955
4.746112978358731
4.748301241946938
4.748941057455012
4.747913520608444
4.746311863220434
4.745648195291222
4.746743365923293
4.74912099825692
4.751376151578503
4.752215037146614
4.75137684026093
4.749806000558224
4.748974673854662
4.749816814177018
4.752045768471246
4.754378131265957
4.755477316654331
4.7548999049923735
4.75339393710885
4.752367465804542
4.752884058671253
4.754894745324948
4.757284657932944
4.758688497255926
4.758452618666914
4.7570764697077825
4.755859117296468
4.75598678916697
4.757687844735239
4.760077153543824
4.761801366600642
4.761989523487201
4.7608410910246155
4.759480377823776
4.759178981992509
4.760464097638455
4.762750293128384
4.764766628947602
4.765447829292772
4.764652954818836
4.7632496317916235
4.762522138146482
4.763286591859888
4.765323848487776
4.767544015887608
4.768750381139282
4.768447010866574
4.767158345231378
4.766073443583643
4.766241991736078
4.7678547512554434
4.770119449597182
4.771816947903895
4.77212555520176
4.771154967361704
4.769865422895356
4.76942979793943
4.770444295796688
4.772526374363357
4.774586457976802
4.77556709433088
4.775133199829925
4.773878929193289
4.772937053577668
4.773232483248322
4.774864907040003
4.7770495948382
4.778652358457076
4.7789341350308945
4.778017025645871
4.776798261689174
4.776370521195047
4.777306835139914
4.779284588031184
4.781309544312821
4.782373181823711
4.782094184282524
4.780949117175688
4.779966855876447
4.780070643788872
4.781479577273558
4.783571583009611
4.785298553880016
4.785859482315978
4.785194836031127
4.784014979603492
4.783354412677342
4.783916428424448
4.785623402162647
4.787675114919214
4.789068241486714
4.7892232373462615
4.788331577814899
4.787232128503869
4.786892304822248
4.7878016885065025
4.7896649323865965
4.791598249794934
4.792689046212386
4.792551669284017
4.791551233474191
4.790578706180478
4.790506986493448
4.791650504615826
4.79357320577455
4.795369667239293
4.796225401267848
4.795901274564833
4.794866996064996
4.794018410179383
4.794137881793983
4.79541671410947
4.797342687036641
4.79902286891569
4.799724718532567
4.7993025056565894
4.798274575757565
4.797517054103634
4.7977436767011055
4.799076722185685
4.800978539676922
4.802583986766232
4.803214933643156
4.802767519562068
4.801764459357072
4.8010513522143965
4.801302471875897
4.802621893391259
4.8044869503500935
4.806066173085949
4.80670569877674
4.806296511229143
4.805328920340911
4.804612296180896
4.804810051408368
4.806053695522813
4.807870724770209
4.809468175395948
4.810190054267555
4.809880655851895
4.8089640077329765
4.808205130711526
4.808278536771967
4.809382660781312
4.8111296230990845
4.812775677093579
4.813645340845089
4.813501293674414
4.812667003759536
4.811846677548432
4.81173577445339
4.812630937227345
4.814265026503539
4.8159653549485055
4.817033867245278
4.817126115304084
4.816429691004119
4.815559421338413
4.815224086848858
4.8158371073033654
4.817288617253475
4.8190127500433455
4.820305416804784
4.820704327632447
4.820228059928979
4.819360974257135
4.818795506155861
4.8190604667923775
4.820234014430683
4.82190538324902
4.823404936574991
4.824164467542631
4.82401051811546
4.823248006369032
4.822499709130165
4.822379939860913
4.82316810853027
4.824661262620765
4.826289054437528
4.827420437528098
4.827689545401052
4.827176344184252
4.826361718735017
4.825881050847547
4.826195119685566
4.827349094106533
4.828953029748378
4.8303921737816635
4.8311454220062435
4.831044196287891
4.830350787758735
4.829625136732908
4.829442605188964
4.830099865750263
4.831463559999044
4.833044558374834
4.834252746199533
4.8346922190167785
4.834350877368996
4.833601727989983
4.833018824377137
4.833092283354509
4.833981795869904
4.835438520801696
4.836936473016332
4.837938116716252
4.83815477933179
4.837680037633516
4.836941406563058
4.836493812694707
4.836748558361016
4.83777039262302
4.839248822534047
4.840657003703394
4.841510404234129
4.84159487786471
4.841062205772192
4.8403561200547385
4.840002174258782
4.840355659383541
4.84142992227927
4.84289360277956
4.844235972572311
4.8450115470040025
4.845044544910039
4.844504927264234
4.843827903701096
4.843512021410838
4.843884767780445
4.844947623894495
4.846379001428141
4.8476913514758815
4.848459765306773
4.8485128454899975
4.8480052938417035
4.847345998425083
4.8470123886100085
4.847330823341737
4.848325340560745
4.849709699039601
4.851024861704412
4.851850489102675
4.851990482625797
4.851555047231325
4.850909658019139
4.850512810510765
4.850710094398337
4.851577369630835
4.8528887210913645
4.854223711143515
4.855158452425784
4.8554502258483385
4.855138247262153
4.854523795842775
4.8540393605602254
4.854059371419943
4.854734154490079
4.855924514677087
4.857267866480535
4.858341402891142
4.8588445506802005
4.858722969367662
4.8581878717034765
4.8576257954995175
4.857434031401452
4.8578490185052114
4.858844046022154
4.860144088277917
4.861348912900493
4.86210491465567
4.862250432683255
4.861878561273473
4.861296732394138
4.860899251580966
4.861002013795939
4.86170852520855
4.8628675505855306
4.864141246579975
4.86515002921526
4.865628562234234
4.865529916646411
4.865041252336828
4.864507468487201
4.864291151588284
4.864623203624219
4.865507333724857
4.866721109938659
4.867911727246158
4.8687415722473615
4.869021557318409
4.868782141128099
4.868258998723067
4.867799790090978
4.867725817315262
4.868202338626864
4.869172302261164
4.870382483940702
4.871488792030918
4.872193447916202
4.872358521971673
4.872055573266894
4.871536431085719
4.871136107567136
4.8711423889453735
4.871682319516693
4.8726729056340226
4.873856987692705
4.874907093019773
4.875552181692626
4.875677916703189
4.875366357832931
4.874863757640221
4.874487997499392
4.874507830722258
4.875039460666305
4.87600264784603
4.877154540176528
4.878185389920326
4.878835536127278
4.878989122273637
4.878713425530236
4.87823280777807
4.877846527658029
4.877818084313308
4.878276438020277
4.879168201692282
4.880280265533828
4.8813222023364755
4.8820338701458095
4.882277538575805
4.882084092587019
4.881640294889926
4.8812220676631055
4.8810954315854245
4.881419575693087
4.882188865945018
4.8832369003605125
4.884300035886562
4.885113732951241
4.885505012304057
4.885450030347615
4.885080157644448
4.884635928372406
4.884383338120197
4.884519953399628
4.885104538724054
4.886037272117661
4.887097874683128
4.888025438213319
4.888608944886408
4.888757154112665
4.888526883983383
4.888102660493459
4.887734370770828
4.887652116704486
4.887986662650707
4.888724398681472
4.889713893136391
4.890720691154667
4.8915085099023985
4.891917465668425
4.891914477046951
4.891602092097414
4.891184288364709
4.8908994171313775
4.89094080161191
4.891391566518043
4.8921972697927805
4.89318633086779
4.894129671057905
4.894816952496034
4.895123432811934
4.895047581918118
4.8947099607845095
4.894314493808153
4.894083218256796
4.894184189950284
4.894676396749264
4.895491248262652
4.896457092510504
4.8973569297677715
4.89799824859617
4.898272163553831
4.898185079050066
4.897855290013659
4.897476130853648
4.897255882992819
4.897352067860562
4.897821286671967
4.898601951958899
4.8995357774867125
4.9004195970392
4.901069019651602
4.901373570985676
4.901328012683448
4.901032480775167
4.900662102798883
4.900414247455941
4.900448226822388
4.900836056171864
4.901540692927483
4.902429099599351
4.903314951315924
4.904015871562736
4.904406926025979
4.904455468695503
4.904229070385433
4.903875298484611
4.903578692481555
4.903506359568857
4.9037579855094435
4.904336112072313
4.905146532586015
4.906028236068953
4.906802241174865
4.907323482065843
4.907520882332723
4.907415759822931
4.907114847134613
4.906780046216415
4.906582499306922
4.906653289929046
4.907045321836108
4.907718471107129
4.908552692342505
4.90938423885842
4.910052925875478
4.910446257205088
4.910528884010927
4.910350860459623
4.910033405415982
4.909735742841003
4.909611161912739
4.9097640530890185
4.910220542240722
4.910921872361836
4.911742392037112
4.912525915263883
4.913128942721337
4.91345852809533
4.913495535498742
4.913298504807913
4.912987779094813
4.912713652246218
4.9126161522969785
4.912786996012234
4.9132446423444724
4.9139300047055885
4.914723902929754
4.915480410223086
4.916065890878397
4.916393079580312
4.916442177954827
4.916264798153829
4.91597037572259
4.915698167712459
4.915581262492426
4.915711641609923
4.916115939379786
4.9167490044415185
4.917507012179493
4.918255793016937
4.918865835818311
4.9192445074023805
4.919357939889115
4.919238261163371
4.918975132263558
4.918693559941858
4.918522812564616
4.918563762547233
4.9188631502795115
4.919401981677543
4.920101332052518
4.920843552982964
4.92150247232382
4.921974310453506
4.922201878468211
4.92218710465909
4.921989798927624
4.921713204468341
4.921479343897983
4.921399501413625
4.921546893297541
4.921938685102125
4.922532318862499
4.923237023026378
4.9239369459863624
4.92451937846852
4.9249009256839855
4.925045897096429
4.924973525951426
4.924753013665108
4.924487544770979
4.924290464617424
4.924258711894684
4.924449791009582
4.9248682185284265
4.9254650710096906
4.9261505763093325
4.926816043497363
4.927359232038304
4.927707083707274
4.92783112903245
4.927752912657852
4.927538770954122
4.927285080294181
4.9270968065053005
4.927063780109515
4.927240119017183
4.9276319225162535
4.928196422251196
4.928852661296434
4.929500641860101
4.930043923584678
4.930410385927233
4.930566963752755
4.93052586639625
4.930341484609706
4.9300986976625
4.929894724108157
4.929818040276163
4.929928900163297
4.93024605499874
