1.4997882554160196
2.4989766059903658
3.48780754747934
4.382109905870062
4.950504080023718
5.107109600955436
5.083137112111116
5.047711712904174
5.026372454903912
5.011581566874267
4.998181432751196
4.983906428405225
4.967744003661902
4.94957151660905
4.930322019061998
4.91208756175505
4.897662189545065
4.889334833458971
4.887484622181636
4.890026262574389
4.8931707467740555
4.892868704232075
4.886054762043455
4.871493546933359
4.850505705127358
4.8273846093386386
4.808371135614664
4.798364661505941
4.7971784756209495
4.798978912151636
4.795796328245076
4.782244973502268
4.758841373780834
4.7327112835496985
4.713901282697495
4.707493619508332
4.708267595184013
4.7046280589043485
4.688385002017036
4.662016103122493
4.637984025242623
4.6282217112643
4.631612578855984
4.6347049658187505
4.625988453877879
4.607822155922084
4.594558760861668
4.597461615527625
4.611607254667692
4.621409695359633
4.617494211053039
4.605614335785309
4.6002246506074425
4.60880965213409
4.623567585175166
4.630464226695276
4.623988326694954
4.612218903766151
4.608584332904064
4.617676787624266
4.630385207401707
4.634166953520978
4.625899325307874
4.61466376492696
4.612607467425643
4.622093354559088
4.633276871882418
4.634946402588652
4.625804547972465
4.615512058849119
4.6149572915534565
4.624697912543458
4.634514420581109
4.634492312975701
4.6248832803843944
4.615685350954261
4.6165277516609615
4.626415775699195
4.634980584831627
4.633591873360634
4.623865714962782
4.615940081829899
4.6181531960667686
4.628145999938646
4.635595362213974
4.633155262209812
4.623627706573752
4.6170873084482835
4.620571467441308
4.630582982385366
4.6370411447973225
4.633832415838602
4.624698916359819
4.619446807865739
4.6238913697839745
4.6336952249834145
4.639180504200224
4.635318179665492
4.626503698213557
4.622151775720607
4.627058946376656
4.636360945047508
4.640854873268225
4.636396955793482
4.627810767099988
4.624102032617464
4.629257587923917
4.638085777284681
4.641844368163893
4.6371044833815676
4.6289665894064465
4.626015492844613
4.631551813614632
4.64017507492116
4.6435860839080165
4.638925987333501
4.631412550457947
4.629181000973918
4.634998658477345
4.643432261219897
4.646623991226013
4.642100341187641
4.635014221578997
4.633084155201527
4.638796252104711
4.6468927287100765
4.649908443676297
4.645526397113098
4.638668231747931
4.636707610852807
4.642089947722061
4.649882337466731
4.652928407549046
4.6488569956511
4.64222064847633
4.640102203635149
4.645089189411642
4.652692799904806
4.656009838583185
4.6524503977794724
4.646072426425156
4.643691325244483
4.648188320780951
4.655650166012637
4.6594141589313995
4.6565351062705735
4.650439654573408
4.647661249738788
4.651503443252004
4.658781511487177
4.663104784663688
4.661060228602164
4.655289353897482
4.65198125907966
4.654955174413666
4.6619264904309
4.66686507926903
4.665820063356606
4.660485600395835
4.656583889307027
4.65848008420415
4.664963298808175
4.670521574508378
4.6706649041852035
4.66598501361419
4.661545436677615
4.662193760460478
4.667943514389076
4.674034477601483
4.675533999546451
4.671809478257253
4.667011502736411
4.666290916672849
4.670978660211988
4.677367030378394
4.680302248651055
4.677877962280911
4.673040107385735
4.670932175701619
4.674182527260194
4.680465136457064
4.684769772776015
4.6839925189351215
4.679593648233671
4.676269171885322
4.677746268420004
4.683363039976744
4.688755729848416
4.689886226034074
4.686536229245722
4.6824250910648635
4.6819512850690685
4.686240828723908
4.69216272080143
4.695244278560333
4.693585818573896
4.689402849755508
4.687105654383941
4.6894427033670105
4.6950547634294075
4.699770691343458
4.700306078140851
4.696989951287143
4.693432128247859
4.6934520848842265
4.697747011064062
4.703320328755967
4.706176641238114
4.704697411487605
4.700905860798063
4.6987688697251615
4.700841522428073
4.706068019655667
4.710765838825919
4.711796510281809
4.709095927794053
4.705669125126544
4.705123842088496
4.708640503650919
4.713996504384684
4.717520304949054
4.717123160924332
4.7139063130006855
4.71124938047269
4.712071871328928
4.716412386023339
4.721444613530552
4.723869273653816
4.722532986296308
4.719267030011425
4.717434660962872
4.7192405651445055
4.72393812667505
4.728498752257829
4.73008893393012
4.728239253625636
4.7251486432866034
4.723982318082787
4.726378525382732
4.73114976389111
4.735293678400079
4.736374091355821
4.7343260583237115
4.7314575719502425
4.7307014631779944
4.733348037398874
4.738050266055957
4.7419362172351684
4.742826055524829
4.740802194662365
4.7381068430160305
4.737481316736546
4.740092565352761
4.744655533268832
4.7484712316929985
4.749463792243119
4.747641605748092
4.745050364196259
4.744293603011639
4.746612013792918
4.75096834834294
4.754874022708479
4.756234411579351
4.754797637776557
4.7522877099295044
4.751187628880379
4.752958882066482
4.756983304705866
4.761059389278487
4.7630142691188615
4.762189079049647
4.759842623947538
4.758280553888629
4.759254120930577
4.762721136340086
4.7669100234995865
4.769607750620529
4.769663892682651
4.7677123376265795
4.765729371154363
4.765707645815914
4.768288740509245
4.772337026559879
4.775766634255303
4.77695930511881
4.775787006807305
4.773660068212773
4.772609457169499
4.773945693919391
4.777382888676505
4.781265360462719
4.783699451605088
4.783761136868254
4.782037106619169
4.780239587338957
4.780122609943197
4.782346630313402
4.786060668928826
4.789494799825461
4.791105550327108
4.790504129749655
4.788658415687499
4.787296501785751
4.787839565980311
4.790506463318672
4.794195966715393
4.79721456742717
4.798320365143734
4.7974319985865765
4.795648932057716
4.794599256208753
4.795462038110277
4.7982479144294246
4.801815867064576
4.8045975532792395
4.805525156899001
4.804614932591325
4.802934185913865
4.801989731928108
4.8028522003668135
4.805524451335041
4.808961557888122
4.811713627035165
4.812756430397236
4.8120331536313845
4.810462221464106
4.809428658291286
4.810009068952057
4.8123580977578495
4.815636724785866
4.818517507780966
4.819928219058305
4.819607113087893
4.818216519970166
4.81698604451783
4.817053402257171
4.81884064630196
4.8218306750412845
4.824877576931013
4.826840701375441
4.8271694094774755
4.826159090240673
4.824788535002886
4.82421830297633
4.825183530318841
4.827606221875049
4.830654990826858
4.833204311107889
4.834412070233336
4.834117470230679
4.832899608999525
4.831789516037008
4.831759435489865
4.833229985544361
4.835861870027029
4.83874948504284
4.840890812866537
4.841668968754041
4.841123248013967
4.839915924487212
4.839019187341125
4.839250954534042
4.840876082036223
4.843484895848936
4.846212825465649
4.848166846819123
4.84883259596058
4.848287723946138
4.84715458233223
4.846318908001681
4.846524784102112
4.848027149846887
4.850479342786285
4.85311282305919
4.85510231745727
4.855928115667852
4.855584090987835
4.854567472032236
4.853663283211129
4.853602959230897
4.8547386296184065
4.856889177026819
4.859435741997791
4.861609096421519
4.862820157549386
4.862891876805342
4.86211726042018
4.8611347561343
4.86066557257884
4.861210098259749
4.862834858061122
4.865152758849182
4.867502234860352
4.869229960627477
4.8699478573684045
4.869671303122106
4.868803277677448
4.867975902919112
4.867801458175572
4.868625146071948
4.870386547931195
4.872654304573017
4.874812477582231
4.876306607220664
4.876846919242108
4.8765033197691965
4.875672053726756
4.874928369610329
4.874810946043413
4.875614950328029
4.877279816781261
4.879421707880283
4.881491596476949
4.882984190781174
4.883614220447715
4.88340575308517
4.882676293518772
4.8819244806284265
4.88165385852737
4.882190268321737
4.883563178734392
4.88550124540696
4.88754137876625
4.889200115009521
4.890138024843636
4.890264424712342
4.889758720904213
4.889008156321082
4.888479445358767
4.888560799327187
4.889427665294084
4.890984368336668
4.892904971609112
4.894753133712024
4.896130146125671
4.896798612946311
4.896748414730788
4.896193536415178
4.895504000044152
4.895090048153432
4.8952704953392185
4.896168604669504
4.897674523845488
4.899488209055931
4.901223117063685
4.9025293333060915
4.903195318822822
4.903202903959897
4.902726944019874
4.902082696387292
4.901633279848818
4.901680535019149
4.902372308934141
4.903658550566109
4.905312129547773
4.907004583512338
4.908407055525453
4.909282765248043
4.909547101786299
4.90928489493432
4.908724469381816
4.908174890454214
4.907940101505329
4.908232112286526
4.909109972131421
4.910465437549422
4.912059619452853
4.913595782767654
4.914802559375647
4.9155032595963
4.915656216652642
4.915360809853981
4.914830299812724
4.914337191639605
4.914142297091228
4.914424918954051
4.91523459616849
4.916480055864787
4.917958438431583
4.919413561775652
4.920603619058755
4.921359383063857
4.921620722086445
4.921446665673652
4.92099930298537
4.9205050055585575
4.920200005006375
4.920271960847837
4.9208126764835365
4.921795998228913
4.923087621018382
4.924482765196778
4.925758968695427
4.926728597691226
4.927278915185064
4.927393248389504
4.927151594921183
4.926711864263964
4.926274990643321
4.926039855520905
