-0.01608690844070182
-0.010215619648038743
-0.006004913637090548
-0.0027274516573607688
0.0008258406505292637
0.0037017461664720086
0.006970426441536559
0.01076289908860495
0.01506024888689339
0.019845719765715586
0.02510647215246342
0.030832052544658706
0.03701333210221602
0.04364186954257465
0.0507095289183096
0.05820824563115168
0.06612988019172372
0.07446612536759334
0.08320844675497441
0.09234804485516768
0.10187583134855738
0.111782414973572
0.12205809405725554
0.13269285375766315
0.14367636671885287
0.15499799625220156
0.1666468014289082
0.17861154364957166
0.19088069437946664
0.20344244382255372
0.2162847103660539
0.2293951506688966
0.24276117029690292
0.25636993482887904
0.2702083813732632
0.28426323044634416
0.29852099817145983
0.3129680087648431
0.32759040727846256
0.34237417257376024
0.35730513050285884
0.37236896727585633
0.3875512429944098
0.40283740533300183
0.4182128033502289
0.4336627014131753
0.44917229321851126
0.4647267158943921
0.4803110641676207
0.49591040458079083
0.5115097897444008
0.5270942726091059
0.5426489207434579
0.558158830602632
0.5736091417737736
0.5889850511837413
0.6042718272551261
0.6194548239965736
0.634519495013542
0.6494514074257719
0.6642362556778638
0.6788598752295149
0.6933082561120933
0.7075675563384018
0.7216241151526352
0.7354644661077092
0.7490753499573239
0.7624437273503177
0.7755567913150616
0.7884019795218616
0.8009669863115632
0.8132397744787698
0.8252085867983449
0.8368619572841082
0.8481887221689033
0.8591780305954866
0.8698193550079653
0.8801025012338065
0.8900176182467389
0.8995552076011769
0.9087061325291215
0.9174616266908127
0.9258133025707603
0.9337531595111149
0.9412735913747223
0.9483673938305733
0.9550277712547824
0.9612483432406699
0.9670231507120708
0.9723466616346759
0.9772137763212404
0.9816198323283003
0.985560608945718
0.9890323312891928
0.9920316740300571
0.9945557648738083
0.9966021881934702
0.9981689906620386
0.9992547009261661
0.9998585203339264
